,name,diff_num,hunk_num,func_num,Memoery_num_total,Memoery_del_num,Memoery_add_num,Conditions_num_total,Conditions_num_del,Conditions_num_add,Jump_num_total,Jump_num_del,Jump_num_add,Loop_num_total,Loop_num_del,Loop_num_add,Arithmetic_num_total,Arithmetic_num_del,Arithmetic_num_add,relation_num_total,relation_num_del,relation_num_add,Logic_num_total,Logic_num_del,Logic_num_add,bitwise_num_total,bitwise_num_del,bitwise_num_add,Funccall_num_total,Funccall_num_del,Funccall_num_add,Variables_num_total,Variables_num_del,Variables_num_add
0,./sourcecode1022/2011/CVE-2011-1070/mjanusz%v86d/master/f9abfd412639_patch/equal_file_patch/45e0d48.patch,1,1,1,0,0,0,1,0,1,1,0,1,0,0,0,1,0,1,2,0,2,0,0,0,0,0,0,0,0,0,3,0,3
1,./sourcecode1022/2011/CVE-2011-1070/mjanusz%v86d/master/f9abfd412639_patch/equal_file_patch/f9abfd412639.patch,1,1,1,0,0,0,1,0,1,1,0,1,0,0,0,1,0,1,2,0,2,0,0,0,0,0,0,0,0,0,3,0,3
2,./sourcecode1022/2011/CVE-2011-1527/trustedanalytics%kerberos/master/7390de6c860f_patch/equal_file_patch/4f7dbd528.patch,1,2,1,0,0,0,2,0,2,2,0,2,0,0,0,0,0,0,1,0,1,0,0,0,0,0,0,1,0,1,7,0,7
3,./sourcecode1022/2011/CVE-2011-1527/trustedanalytics%kerberos/master/7390de6c860f_patch/equal_file_patch/08d7bd5e7.patch,1,2,1,0,0,0,2,0,2,2,0,2,0,0,0,0,0,0,1,0,1,0,0,0,0,0,0,1,0,1,7,0,7
4,./sourcecode1022/2011/CVE-2011-1527/trustedanalytics%kerberos/master/7390de6c860f_patch/equal_file_patch/9fc89c22e.patch,1,2,1,0,0,0,2,0,2,2,0,2,0,0,0,0,0,0,1,0,1,0,0,0,0,0,0,1,0,1,7,0,7
5,./sourcecode1022/2011/CVE-2011-1527/trustedanalytics%kerberos/master/7390de6c860f_patch/equal_file_patch/ee26c4bbf.patch,1,2,1,0,0,0,2,0,2,2,0,2,0,0,0,0,0,0,1,0,1,0,0,0,0,0,0,1,0,1,7,0,7
6,./sourcecode1022/2011/CVE-2011-1527/trustedanalytics%kerberos/master/7390de6c860f_patch/equal_file_patch/7e1ed6156.patch,1,2,1,0,0,0,2,0,2,2,0,2,0,0,0,0,0,0,1,0,1,0,0,0,0,0,0,1,0,1,7,0,7
7,./sourcecode1022/2011/CVE-2011-1527/trustedanalytics%kerberos/master/7390de6c860f_patch/equal_file_patch/1f2caa1ba.patch,1,2,1,0,0,0,2,0,2,2,0,2,0,0,0,0,0,0,1,0,1,0,0,0,0,0,0,1,0,1,7,0,7
8,./sourcecode1022/2011/CVE-2011-1530/trustedanalytics%kerberos/master/8d6a83d1163fafb8e9308313c83ce0472864abbb_patch/equal_file_patch/f5a40c03c.patch,1,23,1,16,4,12,34,22,12,10,7,3,0,0,0,98,54,44,46,21,25,22,12,10,26,12,14,26,20,14,77,57,47
9,./sourcecode1022/2011/CVE-2011-1530/trustedanalytics%kerberos/master/8d6a83d1163fafb8e9308313c83ce0472864abbb_patch/equal_file_patch/7ed54bc66.patch,1,12,1,8,4,4,25,19,6,9,7,2,0,0,0,76,50,26,34,18,16,13,8,5,21,12,9,17,16,7,63,52,33
10,./sourcecode1022/2011/CVE-2011-1530/trustedanalytics%kerberos/master/8d6a83d1163fafb8e9308313c83ce0472864abbb_patch/equal_file_patch/9fc89c22e.patch,1,23,1,16,4,12,34,22,12,10,7,3,0,0,0,98,54,44,46,21,25,22,12,10,26,12,14,26,20,14,77,57,47
11,./sourcecode1022/2011/CVE-2011-1530/trustedanalytics%kerberos/master/8d6a83d1163fafb8e9308313c83ce0472864abbb_patch/equal_file_patch/b71f8c4aa.patch,1,12,1,8,4,4,25,19,6,9,7,2,0,0,0,76,50,26,34,18,16,13,8,5,21,12,9,17,16,7,63,52,33
12,./sourcecode1022/2011/CVE-2011-1530/trustedanalytics%kerberos/master/8d6a83d1163fafb8e9308313c83ce0472864abbb_patch/equal_file_patch/8cf2e1df6.patch,1,12,1,8,4,4,25,19,6,9,7,2,0,0,0,76,50,26,34,18,16,13,8,5,21,12,9,17,16,7,63,52,33
13,./sourcecode1022/2011/CVE-2011-1530/trustedanalytics%kerberos/master/8d6a83d1163fafb8e9308313c83ce0472864abbb_patch/equal_file_patch/b99c7c79d.patch,1,23,1,16,4,12,34,22,12,10,7,3,0,0,0,98,54,44,46,21,25,22,12,10,26,12,14,26,20,14,77,57,47
14,./sourcecode1022/2011/CVE-2011-1751/patricksjackson%qemu/android_qdev/aa29141d84d5_patch/equal_file_patch/d6034a3a61.patch,3,6,1,0,0,0,9,3,6,0,0,0,0,0,0,18,3,15,18,6,12,6,0,6,0,0,0,2,1,2,7,3,7
15,./sourcecode1022/2011/CVE-2011-1751/patricksjackson%qemu/android_qdev/aa29141d84d5_patch/equal_file_patch/fdba9594df8e.patch,3,6,1,0,0,0,9,3,6,0,0,0,0,0,0,18,3,15,18,6,12,6,0,6,0,0,0,2,1,2,7,3,7
16,./sourcecode1022/2011/CVE-2011-1751/patricksjackson%qemu/android_qdev/aa29141d84d5_patch/equal_file_patch/a8686a9b2b.patch,3,6,1,0,0,0,9,3,6,0,0,0,0,0,0,18,3,15,18,6,12,6,0,6,0,0,0,2,1,2,7,3,7
17,./sourcecode1022/2011/CVE-2011-1751/patricksjackson%qemu/android_qdev/aa29141d84d5_patch/equal_file_patch/c45d1fc191.patch,3,6,1,0,0,0,9,3,6,0,0,0,0,0,0,18,3,15,18,6,12,6,0,6,0,0,0,2,1,2,7,3,7
18,./sourcecode1022/2011/CVE-2011-1751/patricksjackson%qemu/android_qdev/aa29141d84d5_patch/equal_file_patch/614f104dfd.patch,3,6,1,0,0,0,9,3,6,0,0,0,0,0,0,18,3,15,18,6,12,6,0,6,0,0,0,2,1,2,7,3,7
19,./sourcecode1022/2011/CVE-2011-1751/patricksjackson%qemu/android_qdev/aa29141d84d5_patch/equal_file_patch/75b0646f9e.patch,3,6,1,0,0,0,9,3,6,0,0,0,0,0,0,18,3,15,18,6,12,6,0,6,0,0,0,2,1,2,7,3,7
20,./sourcecode1022/2011/CVE-2011-2161/FFmpeg%FFmpeg/master/1c31b26bdf66_patch/equal_file_patch/cf16d62076.patch,1,20,1,14,6,8,18,1,17,9,2,7,7,2,5,231,94,137,142,52,90,20,4,16,1,0,1,18,9,14,101,64,94
21,./sourcecode1022/2011/CVE-2011-2161/FFmpeg%FFmpeg/master/1c31b26bdf66_patch/equal_file_patch/c67bca2b5a.patch,1,19,1,5,1,4,16,1,15,9,2,7,3,0,3,141,47,94,79,20,59,13,2,11,1,0,1,13,6,10,79,46,75
22,./sourcecode1022/2011/CVE-2011-2161/FFmpeg%FFmpeg/master/1c31b26bdf66_patch/equal_file_patch/2df5b506ca.patch,1,20,1,10,4,6,18,1,17,9,2,7,5,1,4,164,60,104,94,28,66,18,3,15,1,0,1,15,7,11,86,51,80
23,./sourcecode1022/2011/CVE-2011-2161/FFmpeg%FFmpeg/master/1c31b26bdf66_patch/equal_file_patch/7061a30c37.patch,1,21,1,14,6,8,18,1,17,9,2,7,5,1,4,171,64,107,98,30,68,18,3,15,1,0,1,16,7,12,87,52,81
24,./sourcecode1022/2011/CVE-2011-2161/FFmpeg%FFmpeg/master/1c31b26bdf66_patch/equal_file_patch/c1f2c4c3b4.patch,1,19,1,5,1,4,16,1,15,9,2,7,3,0,3,141,47,94,79,20,59,13,2,11,1,0,1,13,6,10,79,46,75
25,./sourcecode1022/2011/CVE-2011-2161/FFmpeg%FFmpeg/master/1c31b26bdf66_patch/equal_file_patch/6e8fcd9c56.patch,1,21,1,12,6,6,18,3,15,10,2,8,5,2,3,222,97,125,128,55,73,15,5,10,2,0,2,20,10,16,106,64,99
26,./sourcecode1022/2011/CVE-2011-2486/davidben%nspluginwrapper/advanced-key-handling/b776441a053d_patch/equal_file_patch/724e32a.patch,1,1,1,0,0,0,4,0,4,6,0,6,0,0,0,8,0,8,4,0,4,0,0,0,0,0,0,3,0,3,8,0,8
27,./sourcecode1022/2011/CVE-2011-2486/davidben%nspluginwrapper/advanced-key-handling/b776441a053d_patch/equal_file_patch/418551c.patch,1,1,1,0,0,0,2,0,2,3,0,3,0,0,0,4,0,4,2,0,2,0,0,0,0,0,0,2,0,2,5,0,5
28,./sourcecode1022/2011/CVE-2011-4098/unicell%redpatch/master/fadca7bdc43b02f518585d9547019966415cadfd_patch/equal_file_patch/a1474b3dd75.patch,3,114,13,17,10,7,101,56,45,13,6,7,20,11,9,503,253,250,253,141,112,71,39,32,67,33,34,46,28,37,324,276,229
29,./sourcecode1022/2011/CVE-2011-4098/unicell%redpatch/master/fadca7bdc43b02f518585d9547019966415cadfd_patch/equal_file_patch/59b1ebce09c.patch,3,95,13,14,9,5,69,37,32,12,6,6,20,11,9,420,208,212,214,117,97,64,36,28,60,31,29,38,22,29,290,252,198
30,./sourcecode1022/2011/CVE-2011-4098/unicell%redpatch/master/fadca7bdc43b02f518585d9547019966415cadfd_patch/equal_file_patch/528804b1bd4.patch,4,38,12,4,1,3,52,27,25,10,5,5,12,7,5,115,49,66,58,28,30,30,17,13,22,11,11,22,11,16,150,129,84
31,./sourcecode1022/2011/CVE-2011-4098/unicell%redpatch/master/fadca7bdc43b02f518585d9547019966415cadfd_patch/equal_file_patch/302a4fc15ae.patch,3,95,13,14,9,5,69,37,32,12,6,6,20,11,9,420,208,212,214,117,97,64,36,28,60,31,29,38,22,29,290,252,198
32,./sourcecode1022/2011/CVE-2011-4098/unicell%redpatch/master/fadca7bdc43b02f518585d9547019966415cadfd_patch/equal_file_patch/fdd608c8777.patch,3,95,13,14,9,5,69,37,32,12,6,6,20,11,9,420,208,212,214,117,97,64,36,28,60,31,29,38,22,29,290,252,198
33,./sourcecode1022/2011/CVE-2011-4098/unicell%redpatch/master/fadca7bdc43b02f518585d9547019966415cadfd_patch/equal_file_patch/47d8d7b3a65.patch,3,95,13,14,9,5,69,37,32,12,6,6,20,11,9,420,208,212,214,117,97,64,36,28,60,31,29,38,22,29,290,252,198
34,./sourcecode1022/2011/CVE-2011-4815/ruby%ruby/master/e926ef5233cc9f1035d3d51068abe9df8b5429da_patch/equal_file_patch/60771d1315.patch,2,17,1,24,2,22,121,15,106,80,9,71,7,0,7,260,29,231,79,15,64,243,12,231,46,2,44,129,22,120,178,24,168
35,./sourcecode1022/2011/CVE-2011-4815/ruby%ruby/master/e926ef5233cc9f1035d3d51068abe9df8b5429da_patch/equal_file_patch/cbbc06dcf7.patch,1,12,1,1,1,0,9,5,4,2,1,1,0,0,0,70,48,22,28,23,5,10,6,4,8,4,4,13,7,9,27,26,22
36,./sourcecode1022/2011/CVE-2011-4815/ruby%ruby/master/e926ef5233cc9f1035d3d51068abe9df8b5429da_patch/equal_file_patch/551ef27490.patch,2,17,1,24,2,22,121,15,106,80,9,71,7,0,7,263,29,234,79,15,64,250,12,238,47,2,45,132,22,123,182,24,172
37,./sourcecode1022/2011/CVE-2011-4815/ruby%ruby/master/e926ef5233cc9f1035d3d51068abe9df8b5429da_patch/equal_file_patch/8c08c8298a.patch,2,20,2,19,2,17,123,18,105,63,9,54,4,0,4,281,70,211,93,28,65,185,14,171,42,7,35,115,25,107,151,38,137
38,./sourcecode1022/2011/CVE-2011-4815/ruby%ruby/master/e926ef5233cc9f1035d3d51068abe9df8b5429da_patch/equal_file_patch/7a94225e7d.patch,2,17,1,24,2,22,123,15,108,81,9,72,7,0,7,265,29,236,79,15,64,250,12,238,48,2,46,132,22,123,182,24,172
39,./sourcecode1022/2011/CVE-2011-4815/ruby%ruby/master/e926ef5233cc9f1035d3d51068abe9df8b5429da_patch/equal_file_patch/ba81bc24e6.patch,2,16,1,26,2,24,124,15,109,81,9,72,7,0,7,262,29,233,79,15,64,253,12,241,50,2,48,132,22,123,190,24,180
40,./sourcecode1022/2012/CVE-2012-2119/unicell%redpatch/master/4aae94d1c7b3_patch/equal_file_patch/8017f37fc89.patch,1,9,2,2,1,1,9,2,7,2,0,2,1,0,1,19,4,15,11,3,8,2,1,1,0,0,0,4,1,3,19,9,17
41,./sourcecode1022/2012/CVE-2012-2119/unicell%redpatch/master/4aae94d1c7b3_patch/equal_file_patch/9edc25cb733.patch,1,4,1,0,0,0,9,9,0,2,1,1,0,0,0,18,15,3,7,6,1,4,4,0,5,3,2,6,6,2,23,23,13
42,./sourcecode1022/2012/CVE-2012-2119/unicell%redpatch/master/4aae94d1c7b3_patch/equal_file_patch/fdd608c8777.patch,1,9,2,2,1,1,9,2,7,2,0,2,1,0,1,19,4,15,11,3,8,2,1,1,0,0,0,4,1,3,19,9,17
43,./sourcecode1022/2012/CVE-2012-2119/unicell%redpatch/master/4aae94d1c7b3_patch/equal_file_patch/74302a5df72.patch,1,4,1,0,0,0,9,9,0,2,1,1,0,0,0,18,15,3,7,6,1,4,4,0,5,3,2,6,6,2,23,23,13
44,./sourcecode1022/2012/CVE-2012-2119/unicell%redpatch/master/4aae94d1c7b3_patch/equal_file_patch/41807206d83.patch,1,4,1,0,0,0,9,9,0,2,1,1,0,0,0,18,15,3,7,6,1,4,4,0,5,3,2,6,6,2,23,23,13
45,./sourcecode1022/2012/CVE-2012-2119/unicell%redpatch/master/4aae94d1c7b3_patch/equal_file_patch/b8436526814.patch,1,9,2,2,1,1,9,2,7,2,0,2,1,0,1,19,4,15,11,3,8,2,1,1,0,0,0,4,1,3,19,9,17
46,./sourcecode1022/2013/CVE-2013-0228/torvalds%linux/master/bdb0ae6a767e_patch/equal_file_patch/59fc453b21f7.patch,2,2,1,0,0,0,4,2,2,0,0,0,0,0,0,0,0,0,0,0,0,4,2,2,0,0,0,1,0,1,2,1,1
47,./sourcecode1022/2013/CVE-2013-0228/torvalds%linux/master/bdb0ae6a767e_patch/equal_file_patch/6ed3e57fd2ff.patch,2,10,1,0,0,0,12,0,12,4,0,4,0,0,0,18,0,18,10,0,10,22,0,22,2,0,2,7,0,7,16,0,16
48,./sourcecode1022/2013/CVE-2013-0228/torvalds%linux/master/bdb0ae6a767e_patch/equal_file_patch/40031da445fb.patch,2,2,1,0,0,0,4,2,2,0,0,0,0,0,0,0,0,0,0,0,0,0,0,0,0,0,0,1,0,1,2,1,1
49,./sourcecode1022/2013/CVE-2013-0228/torvalds%linux/master/bdb0ae6a767e_patch/equal_file_patch/19c1940feab7.patch,2,2,1,0,0,0,4,2,2,0,0,0,0,0,0,0,0,0,0,0,0,0,0,0,0,0,0,1,0,1,2,1,1
50,./sourcecode1022/2013/CVE-2013-0228/torvalds%linux/master/bdb0ae6a767e_patch/equal_file_patch/f991fae5c6d4.patch,2,2,1,0,0,0,4,2,2,0,0,0,0,0,0,0,0,0,0,0,0,0,0,0,0,0,0,1,0,1,2,1,1
51,./sourcecode1022/2013/CVE-2013-0228/torvalds%linux/master/bdb0ae6a767e_patch/equal_file_patch/3f17ea6dea8b.patch,2,2,1,0,0,0,4,2,2,0,0,0,0,0,0,0,0,0,0,0,0,0,0,0,0,0,0,1,0,1,2,1,1
52,./sourcecode1022/2013/CVE-2013-2139/cisco%libsrtp/1_5_x_throttle/dd61b695c0f7_patch/equal_file_patch/9345108.patch,3,17,4,1,0,1,40,0,40,26,1,25,2,0,2,14,4,10,4,2,2,2,0,2,2,1,1,11,2,11,32,11,32
53,./sourcecode1022/2013/CVE-2013-2139/cisco%libsrtp/1_5_x_throttle/dd61b695c0f7_patch/equal_file_patch/f0fa00a.patch,3,20,4,2,0,2,43,0,43,27,1,26,2,0,2,35,9,26,8,2,6,2,0,2,2,1,1,14,2,14,42,17,42
54,./sourcecode1022/2013/CVE-2013-2139/cisco%libsrtp/1_5_x_throttle/dd61b695c0f7_patch/equal_file_patch/9796c1a.patch,1,12,2,0,0,0,12,0,12,0,0,0,0,0,0,0,0,0,0,0,0,0,0,0,0,0,0,0,0,0,0,0,0
55,./sourcecode1022/2013/CVE-2013-2139/cisco%libsrtp/1_5_x_throttle/dd61b695c0f7_patch/equal_file_patch/b4f4713.patch,3,20,4,2,0,2,43,0,43,27,1,26,2,0,2,35,9,26,8,2,6,2,0,2,2,1,1,14,2,14,42,17,42
56,./sourcecode1022/2013/CVE-2013-2139/cisco%libsrtp/1_5_x_throttle/dd61b695c0f7_patch/equal_file_patch/7629bf2.patch,2,14,3,0,0,0,12,0,12,0,0,0,0,0,0,2,1,1,0,0,0,0,0,0,0,0,0,1,1,1,5,5,5
57,./sourcecode1022/2013/CVE-2013-2139/cisco%libsrtp/1_5_x_throttle/dd61b695c0f7_patch/equal_file_patch/b0a9311.patch,1,12,2,0,0,0,12,0,12,0,0,0,0,0,0,0,0,0,0,0,0,0,0,0,0,0,0,0,0,0,0,0,0
58,./sourcecode1022/2013/CVE-2013-2222/wernerd%ZRTPCPP/develop/4654f330317c9948bb61d138eb24d49690ca4637_patch/equal_file_patch/6ba1cbf.patch,6,353,51,109,87,22,302,109,193,86,37,49,28,17,11,1525,730,795,578,186,392,358,126,232,124,57,67,164,119,141,653,425,548
59,./sourcecode1022/2013/CVE-2013-2222/wernerd%ZRTPCPP/develop/4654f330317c9948bb61d138eb24d49690ca4637_patch/equal_file_patch/d480e5d.patch,6,373,49,113,89,24,312,109,203,90,38,52,69,37,32,1686,804,882,631,213,418,412,149,263,116,55,61,168,126,145,675,443,573
60,./sourcecode1022/2013/CVE-2013-2222/wernerd%ZRTPCPP/develop/4654f330317c9948bb61d138eb24d49690ca4637_patch/equal_file_patch/f47f5cd.patch,3,277,30,105,88,17,259,78,181,77,31,46,54,22,32,1284,549,735,508,173,335,362,115,247,97,38,59,141,100,122,572,346,514
61,./sourcecode1022/2013/CVE-2013-2222/wernerd%ZRTPCPP/develop/4654f330317c9948bb61d138eb24d49690ca4637_patch/equal_file_patch/05865d0.patch,6,354,51,109,87,22,309,110,199,90,38,52,29,17,12,1547,736,811,579,186,393,369,128,241,120,57,63,164,119,141,665,433,564
62,./sourcecode1022/2013/CVE-2013-2222/wernerd%ZRTPCPP/develop/4654f330317c9948bb61d138eb24d49690ca4637_patch/equal_file_patch/6d4291c.patch,6,356,49,109,87,22,310,109,201,90,38,52,29,17,12,1547,736,811,576,185,391,369,128,241,120,57,63,167,122,144,666,433,565
63,./sourcecode1022/2013/CVE-2013-2222/wernerd%ZRTPCPP/develop/4654f330317c9948bb61d138eb24d49690ca4637_patch/equal_file_patch/5b02210.patch,4,145,32,45,21,24,120,15,105,46,10,36,17,2,15,832,267,565,311,41,270,232,55,177,94,26,68,86,42,82,479,216,453
64,./sourcecode1022/2013/CVE-2013-2222/wernerd%ZRTPCPP/develop/c8617100f359b217a974938c5539a1dd8a120b0e_patch/equal_file_patch/d4582fd.patch,7,261,49,60,26,34,189,54,135,70,28,42,30,17,13,1234,535,699,395,104,291,338,111,227,134,55,79,140,97,120,645,363,552
65,./sourcecode1022/2013/CVE-2013-2222/wernerd%ZRTPCPP/develop/c8617100f359b217a974938c5539a1dd8a120b0e_patch/equal_file_patch/4f0f1d0.patch,3,276,30,105,87,18,257,77,180,75,30,45,54,22,32,1302,558,744,511,174,337,364,116,248,99,39,60,141,100,123,574,348,515
66,./sourcecode1022/2013/CVE-2013-2222/wernerd%ZRTPCPP/develop/c8617100f359b217a974938c5539a1dd8a120b0e_patch/equal_file_patch/e45260a.patch,8,50,19,7,2,5,60,7,53,22,2,20,12,2,10,349,66,283,92,15,77,137,35,102,28,5,23,41,23,39,319,112,304
67,./sourcecode1022/2013/CVE-2013-2222/wernerd%ZRTPCPP/develop/c8617100f359b217a974938c5539a1dd8a120b0e_patch/equal_file_patch/77d8ce7.patch,3,257,32,101,85,16,252,77,175,75,30,45,14,2,12,1150,484,666,459,147,312,321,95,226,103,41,62,136,92,118,560,333,502
68,./sourcecode1022/2013/CVE-2013-2222/wernerd%ZRTPCPP/develop/c8617100f359b217a974938c5539a1dd8a120b0e_patch/equal_file_patch/6d4291c.patch,6,355,49,109,86,23,307,107,200,88,37,51,29,17,12,1567,745,822,584,188,396,370,128,242,122,58,64,167,122,145,669,431,567
69,./sourcecode1022/2013/CVE-2013-2222/wernerd%ZRTPCPP/develop/c8617100f359b217a974938c5539a1dd8a120b0e_patch/equal_file_patch/8dd7bb8.patch,3,260,30,101,85,16,256,77,179,75,30,45,14,2,12,1165,490,675,457,146,311,322,95,227,103,41,62,140,96,122,565,339,507
70,./sourcecode1022/2013/CVE-2013-2896/faham1997%kernel/10/f238085415c5_patch/equal_file_patch/a04b622efd9d.patch,2,7,2,2,0,2,14,1,13,7,0,7,0,0,0,16,2,14,14,2,12,9,0,9,5,0,5,12,1,12,18,2,18
71,./sourcecode1022/2013/CVE-2013-2896/faham1997%kernel/10/f238085415c5_patch/equal_file_patch/53b8a315b76a.patch,2,3,1,0,0,0,1,0,1,0,0,0,2,1,1,17,8,9,9,5,4,5,1,4,1,0,1,0,0,0,12,9,12
72,./sourcecode1022/2013/CVE-2013-2896/faham1997%kernel/10/f238085415c5_patch/equal_file_patch/ca5cd877ae69.patch,2,7,1,0,0,0,5,1,4,1,0,1,2,1,1,34,14,20,23,10,13,8,2,6,3,0,3,3,1,2,31,19,30
73,./sourcecode1022/2013/CVE-2013-2896/faham1997%kernel/10/f238085415c5_patch/equal_file_patch/63f17f8973cc.patch,2,6,1,2,0,2,4,1,3,5,1,4,0,0,0,36,17,19,23,11,12,3,1,2,0,0,0,7,2,6,26,18,25
74,./sourcecode1022/2013/CVE-2013-2896/faham1997%kernel/10/f238085415c5_patch/equal_file_patch/d8f75b9183d6.patch,2,7,1,0,0,0,4,1,3,0,0,0,2,1,1,32,14,18,22,10,12,8,2,6,2,0,2,3,1,2,29,19,28
75,./sourcecode1022/2013/CVE-2013-2896/faham1997%kernel/10/f238085415c5_patch/equal_file_patch/c775197d5999.patch,2,6,1,2,0,2,4,1,3,5,1,4,0,0,0,36,17,19,23,11,12,3,1,2,0,0,0,7,2,6,26,18,25
76,./sourcecode1022/2013/CVE-2013-4136/phusion%passenger/GH1048_prespawn_non_localhost/9dda49f4a3ebe9bafc48da1bd45799f30ce19566_patch/equal_file_patch/ade5b09f4.patch,3,6,2,0,0,0,5,2,3,0,0,0,0,0,0,10,2,8,10,5,5,2,0,2,6,3,3,5,4,5,18,13,18
77,./sourcecode1022/2013/CVE-2013-4136/phusion%passenger/GH1048_prespawn_non_localhost/9dda49f4a3ebe9bafc48da1bd45799f30ce19566_patch/equal_file_patch/00717177b.patch,3,3,2,0,0,0,5,2,3,0,0,0,0,0,0,0,0,0,6,3,3,0,0,0,2,1,1,4,3,4,10,9,10
78,./sourcecode1022/2013/CVE-2013-4136/phusion%passenger/GH1048_prespawn_non_localhost/9dda49f4a3ebe9bafc48da1bd45799f30ce19566_patch/equal_file_patch/d27ce16a2.patch,3,3,2,0,0,0,5,2,3,0,0,0,0,0,0,0,0,0,6,3,3,0,0,0,2,1,1,4,3,4,10,9,10
79,./sourcecode1022/2013/CVE-2013-4136/phusion%passenger/GH1048_prespawn_non_localhost/9dda49f4a3ebe9bafc48da1bd45799f30ce19566_patch/equal_file_patch/a760649cd.patch,2,5,2,0,0,0,3,1,2,0,0,0,0,0,0,14,4,10,6,3,3,2,0,2,4,2,2,2,1,2,15,10,15
80,./sourcecode1022/2013/CVE-2013-4136/phusion%passenger/GH1048_prespawn_non_localhost/9dda49f4a3ebe9bafc48da1bd45799f30ce19566_patch/equal_file_patch/ae10d147c.patch,2,5,2,0,0,0,3,1,2,0,0,0,0,0,0,14,4,10,6,3,3,2,0,2,4,2,2,2,1,2,15,10,15
81,./sourcecode1022/2013/CVE-2013-4136/phusion%passenger/GH1048_prespawn_non_localhost/9dda49f4a3ebe9bafc48da1bd45799f30ce19566_patch/equal_file_patch/65416e929.patch,2,2,1,0,0,0,2,1,1,0,0,0,0,0,0,0,0,0,4,2,2,0,0,0,2,1,1,3,3,3,8,8,8
82,./sourcecode1022/2013/CVE-2013-4136/phusion%passenger/GH1048_prespawn_non_localhost/5483b3292cc2af1c83033eaaadec20dba4dcfd9b_patch/equal_file_patch/8118630d9.patch,1,4,1,0,0,0,3,1,2,0,0,0,0,0,0,10,2,8,6,3,3,2,0,2,4,2,2,2,1,2,11,6,11
83,./sourcecode1022/2013/CVE-2013-4136/phusion%passenger/GH1048_prespawn_non_localhost/5483b3292cc2af1c83033eaaadec20dba4dcfd9b_patch/equal_file_patch/c6715df1b.patch,1,4,1,0,0,0,3,1,2,0,0,0,0,0,0,10,2,8,6,3,3,2,0,2,4,2,2,2,1,2,11,6,11
84,./sourcecode1022/2013/CVE-2013-4136/phusion%passenger/GH1048_prespawn_non_localhost/5483b3292cc2af1c83033eaaadec20dba4dcfd9b_patch/equal_file_patch/175e1ae4f.patch,2,5,2,0,0,0,3,1,2,0,0,0,0,0,0,14,4,10,6,3,3,2,0,2,4,2,2,2,1,2,15,10,15
85,./sourcecode1022/2013/CVE-2013-4136/phusion%passenger/GH1048_prespawn_non_localhost/5483b3292cc2af1c83033eaaadec20dba4dcfd9b_patch/equal_file_patch/f8927c097.patch,2,5,2,0,0,0,3,1,2,0,0,0,0,0,0,14,4,10,6,3,3,2,0,2,4,2,2,2,1,2,15,10,15
86,./sourcecode1022/2013/CVE-2013-4136/phusion%passenger/GH1048_prespawn_non_localhost/5483b3292cc2af1c83033eaaadec20dba4dcfd9b_patch/equal_file_patch/1892d5473.patch,1,1,1,0,0,0,3,1,2,0,0,0,0,0,0,0,0,0,2,1,1,0,0,0,0,0,0,1,0,1,3,2,3
87,./sourcecode1022/2013/CVE-2013-4136/phusion%passenger/GH1048_prespawn_non_localhost/5483b3292cc2af1c83033eaaadec20dba4dcfd9b_patch/equal_file_patch/6c2ce9e51.patch,1,1,1,0,0,0,3,1,2,0,0,0,0,0,0,0,0,0,2,1,1,0,0,0,0,0,0,1,0,1,3,2,3
88,./sourcecode1022/2013/CVE-2013-4370/ncultra%xen/master/3cd10fd21220_patch/equal_file_patch/e9d50129d3.patch,3,6,1,3,3,0,3,0,3,0,0,0,0,0,0,0,0,0,3,0,3,0,0,0,0,0,0,4,2,3,7,2,7
89,./sourcecode1022/2013/CVE-2013-4370/ncultra%xen/master/3cd10fd21220_patch/equal_file_patch/0f241e4305.patch,3,3,1,3,3,0,0,0,0,0,0,0,0,0,0,0,0,0,0,0,0,0,0,0,0,0,0,2,2,1,4,2,4
90,./sourcecode1022/2013/CVE-2013-4370/ncultra%xen/master/3cd10fd21220_patch/equal_file_patch/c2ba706c44.patch,3,3,1,3,3,0,0,0,0,0,0,0,0,0,0,0,0,0,0,0,0,0,0,0,0,0,0,1,1,0,1,1,0
91,./sourcecode1022/2013/CVE-2013-4370/ncultra%xen/master/3cd10fd21220_patch/equal_file_patch/19a585606d.patch,3,3,1,3,3,0,0,0,0,0,0,0,0,0,0,0,0,0,0,0,0,0,0,0,0,0,0,2,2,1,4,2,4
92,./sourcecode1022/2013/CVE-2013-4370/ncultra%xen/master/3cd10fd21220_patch/equal_file_patch/a8bbd5e7e7.patch,3,3,1,3,3,0,0,0,0,0,0,0,0,0,0,0,0,0,0,0,0,0,0,0,0,0,0,1,1,0,1,1,0
93,./sourcecode1022/2013/CVE-2013-4370/ncultra%xen/master/3cd10fd21220_patch/equal_file_patch/6475d70005.patch,3,3,1,3,3,0,0,0,0,0,0,0,0,0,0,0,0,0,0,0,0,0,0,0,0,0,0,1,1,0,1,1,0
94,./sourcecode1022/2013/CVE-2013-4531/iSYSTEMLabs%qemu/Blaz_test/c9541f67df48_patch/equal_file_patch/278073ba29.patch,0,0,0,0,0,0,0,0,0,0,0,0,0,0,0,0,0,0,0,0,0,0,0,0,0,0,0,0,0,0,0,0,0
95,./sourcecode1022/2013/CVE-2013-4531/iSYSTEMLabs%qemu/Blaz_test/c9541f67df48_patch/equal_file_patch/0dfa7e3012.patch,0,0,0,0,0,0,0,0,0,0,0,0,0,0,0,0,0,0,0,0,0,0,0,0,0,0,0,0,0,0,0,0,0
96,./sourcecode1022/2013/CVE-2013-4531/iSYSTEMLabs%qemu/Blaz_test/c9541f67df48_patch/equal_file_patch/c47c61be8d.patch,0,0,0,0,0,0,0,0,0,0,0,0,0,0,0,0,0,0,0,0,0,0,0,0,0,0,0,0,0,0,0,0,0
97,./sourcecode1022/2013/CVE-2013-4531/iSYSTEMLabs%qemu/Blaz_test/c9541f67df48_patch/equal_file_patch/2d80e0ab4b43.patch,0,0,0,0,0,0,0,0,0,0,0,0,0,0,0,0,0,0,0,0,0,0,0,0,0,0,0,0,0,0,0,0,0
98,./sourcecode1022/2013/CVE-2013-4531/iSYSTEMLabs%qemu/Blaz_test/c9541f67df48_patch/equal_file_patch/00f3fd63e1.patch,0,0,0,0,0,0,0,0,0,0,0,0,0,0,0,0,0,0,0,0,0,0,0,0,0,0,0,0,0,0,0,0,0
99,./sourcecode1022/2013/CVE-2013-4531/iSYSTEMLabs%qemu/Blaz_test/c9541f67df48_patch/equal_file_patch/47e8acb45f.patch,0,0,0,0,0,0,0,0,0,0,0,0,0,0,0,0,0,0,0,0,0,0,0,0,0,0,0,0,0,0,0,0,0
100,./sourcecode1022/2013/CVE-2013-6368/wgutstein%linux-kernel/socfpga-5.4.94-lts/9d0be540d73d_patch/equal_file_patch/dc4059d21d87.patch,3,144,16,91,43,48,165,51,114,68,22,46,3,1,2,561,206,355,329,119,210,60,19,41,108,23,85,176,70,138,259,149,199
101,./sourcecode1022/2013/CVE-2013-6368/wgutstein%linux-kernel/socfpga-5.4.94-lts/9d0be540d73d_patch/equal_file_patch/da0c9ea146cb.patch,3,146,16,89,42,47,163,51,112,68,22,46,3,1,2,548,203,345,320,117,203,58,19,39,105,23,82,171,67,134,253,147,195
102,./sourcecode1022/2013/CVE-2013-6368/wgutstein%linux-kernel/socfpga-5.4.94-lts/9d0be540d73d_patch/equal_file_patch/7cbb39d4d4d5.patch,1,9,5,0,0,0,4,1,3,1,1,0,0,0,0,23,9,14,13,5,8,1,0,1,2,1,1,8,7,4,21,13,17
103,./sourcecode1022/2013/CVE-2013-6368/wgutstein%linux-kernel/socfpga-5.4.94-lts/9d0be540d73d_patch/equal_file_patch/af42d3466bdc.patch,3,143,16,87,41,46,161,50,111,68,22,46,3,1,2,545,201,344,319,116,203,56,18,38,105,23,82,171,67,134,252,146,194
104,./sourcecode1022/2013/CVE-2013-6368/wgutstein%linux-kernel/socfpga-5.4.94-lts/9d0be540d73d_patch/equal_file_patch/467a9e163304.patch,1,9,5,0,0,0,4,1,3,1,1,0,0,0,0,23,9,14,13,5,8,1,0,1,2,1,1,8,7,4,21,13,17
105,./sourcecode1022/2013/CVE-2013-6368/wgutstein%linux-kernel/socfpga-5.4.94-lts/9d0be540d73d_patch/equal_file_patch/ae7a835cc546.patch,1,2,2,0,0,0,3,0,3,0,0,0,0,0,0,12,3,9,9,2,7,1,0,1,0,0,0,0,0,0,7,3,7
106,./sourcecode1022/2013/CVE-2013-7014/FFmpeg%FFmpeg/master/86736f59d6a5_patch/equal_file_patch/cdfc61de4e.patch,4,50,5,26,13,13,67,21,46,12,3,9,11,3,8,375,128,247,274,92,182,46,10,36,25,10,15,23,15,20,174,87,158
107,./sourcecode1022/2013/CVE-2013-7014/FFmpeg%FFmpeg/master/86736f59d6a5_patch/equal_file_patch/ea1bf08a4c.patch,4,51,5,26,13,13,69,21,48,14,3,11,11,3,8,380,128,252,280,92,188,46,10,36,25,10,15,24,15,21,178,87,162
108,./sourcecode1022/2013/CVE-2013-7014/FFmpeg%FFmpeg/master/86736f59d6a5_patch/equal_file_patch/d16974c3dd.patch,3,34,3,18,8,10,70,12,58,10,2,8,10,2,8,337,88,249,281,68,213,55,6,49,16,4,12,16,8,15,153,63,145
109,./sourcecode1022/2013/CVE-2013-7014/FFmpeg%FFmpeg/master/86736f59d6a5_patch/equal_file_patch/77ade55fe5.patch,4,16,4,0,0,0,14,5,9,3,0,3,2,0,2,108,49,59,75,35,40,13,2,11,0,0,0,7,4,7,75,36,72
110,./sourcecode1022/2013/CVE-2013-7014/FFmpeg%FFmpeg/master/86736f59d6a5_patch/equal_file_patch/d0812f91c8.patch,4,8,4,0,0,0,8,3,5,1,0,1,1,0,1,64,23,41,40,15,25,10,2,8,0,0,0,4,2,4,58,26,57
111,./sourcecode1022/2013/CVE-2013-7014/FFmpeg%FFmpeg/master/86736f59d6a5_patch/equal_file_patch/88a58b90fe.patch,3,35,3,22,10,12,70,12,58,10,2,8,10,2,8,351,95,256,289,72,217,55,6,49,16,4,12,17,9,15,153,63,145
112,./sourcecode1022/2013/CVE-2013-7098/liiir1985%openconnect/dwmw2-auth/b2460b0f07107a63370e7527171c5057c9e549e8_patch/equal_file_patch/0672368.patch,1,25,1,1,0,1,16,6,10,5,2,3,2,1,1,102,54,48,64,31,33,15,3,12,14,6,8,21,11,15,69,44,49
113,./sourcecode1022/2013/CVE-2013-7098/liiir1985%openconnect/dwmw2-auth/b2460b0f07107a63370e7527171c5057c9e549e8_patch/equal_file_patch/e7593a9.patch,1,17,1,1,0,1,6,3,3,2,1,1,0,0,0,17,9,8,11,7,4,5,0,5,4,3,1,16,7,11,34,22,25
114,./sourcecode1022/2013/CVE-2013-7098/liiir1985%openconnect/dwmw2-auth/b2460b0f07107a63370e7527171c5057c9e549e8_patch/equal_file_patch/ec548cf.patch,1,17,1,1,0,1,6,3,3,3,1,2,0,0,0,19,9,10,11,7,4,5,0,5,4,3,1,16,7,11,35,22,26
115,./sourcecode1022/2013/CVE-2013-7098/liiir1985%openconnect/dwmw2-auth/b2460b0f07107a63370e7527171c5057c9e549e8_patch/equal_file_patch/be16f4f.patch,1,23,1,1,0,1,11,3,8,5,2,3,0,0,0,62,25,37,40,15,25,14,2,12,10,6,4,18,10,13,63,39,45
116,./sourcecode1022/2013/CVE-2013-7098/liiir1985%openconnect/dwmw2-auth/b2460b0f07107a63370e7527171c5057c9e549e8_patch/equal_file_patch/78086a8.patch,1,25,1,1,0,1,16,6,10,5,2,3,2,1,1,101,54,47,63,31,32,15,3,12,14,6,8,21,11,15,69,44,49
117,./sourcecode1022/2013/CVE-2013-7098/liiir1985%openconnect/dwmw2-auth/b2460b0f07107a63370e7527171c5057c9e549e8_patch/equal_file_patch/7fd8a86.patch,1,23,1,1,0,1,11,3,8,5,2,3,0,0,0,62,25,37,40,15,25,14,2,12,10,6,4,18,10,13,63,39,45
118,./sourcecode1022/2014/CVE-2014-0101/torvalds%linux/master/c3bebc71c4bc_patch/equal_file_patch/b2fe5fa68642.patch,1,5,1,12,5,7,4,1,3,1,0,1,0,0,0,11,5,6,7,3,4,8,2,6,0,0,0,6,4,5,20,7,18
119,./sourcecode1022/2014/CVE-2014-0101/torvalds%linux/master/c3bebc71c4bc_patch/equal_file_patch/e523a2562a44.patch,1,8,1,15,5,10,7,1,6,2,0,2,0,0,0,13,5,8,8,3,5,11,2,9,0,0,0,10,4,9,27,7,25
120,./sourcecode1022/2014/CVE-2014-0101/torvalds%linux/master/c3bebc71c4bc_patch/equal_file_patch/2e923b025193.patch,1,2,1,4,1,3,2,0,2,1,0,1,0,0,0,3,1,2,3,1,2,4,0,4,0,0,0,3,1,2,13,2,11
121,./sourcecode1022/2014/CVE-2014-0101/torvalds%linux/master/c3bebc71c4bc_patch/equal_file_patch/ea6b1720ce25.patch,1,2,1,4,1,3,2,0,2,1,0,1,0,0,0,3,1,2,3,1,2,4,0,4,0,0,0,3,1,2,13,2,11
122,./sourcecode1022/2014/CVE-2014-0101/torvalds%linux/master/c3bebc71c4bc_patch/equal_file_patch/8d65b08debc7.patch,1,2,1,4,1,3,2,0,2,1,0,1,0,0,0,3,1,2,3,1,2,4,0,4,0,0,0,3,1,2,13,2,11
123,./sourcecode1022/2014/CVE-2014-0101/torvalds%linux/master/c3bebc71c4bc_patch/equal_file_patch/dd5cdb48edfd.patch,1,2,1,4,1,3,2,0,2,1,0,1,0,0,0,3,1,2,3,1,2,4,0,4,0,0,0,3,1,2,13,2,11
124,./sourcecode1022/2014/CVE-2014-0101/torvalds%linux/master/038a5008b2f3_patch/equal_file_patch/0af5cb349a2c.patch,2,28,1,32,6,26,22,4,18,20,6,14,0,0,0,18,6,12,14,6,8,42,14,28,0,0,0,14,7,13,30,13,26
125,./sourcecode1022/2014/CVE-2014-0101/torvalds%linux/master/038a5008b2f3_patch/equal_file_patch/ae1cfb1174c8.patch,2,4,1,14,0,14,6,0,6,4,0,4,0,0,0,32,0,32,18,0,18,14,2,12,2,0,2,9,2,7,22,2,21
126,./sourcecode1022/2014/CVE-2014-0101/torvalds%linux/master/038a5008b2f3_patch/equal_file_patch/06f4e926d256.patch,2,10,1,18,2,16,14,4,10,4,0,4,0,0,0,40,6,34,30,8,22,18,4,14,2,0,2,13,5,11,23,7,22
127,./sourcecode1022/2014/CVE-2014-0101/torvalds%linux/master/038a5008b2f3_patch/equal_file_patch/3051bf36c25d.patch,2,22,1,26,4,22,22,6,16,26,10,16,0,0,0,48,8,40,38,10,28,58,20,38,2,0,2,14,9,11,34,12,32
128,./sourcecode1022/2014/CVE-2014-0101/torvalds%linux/master/038a5008b2f3_patch/equal_file_patch/002e473d1c3c.patch,2,8,1,14,0,14,10,2,8,4,0,4,0,0,0,36,2,34,26,4,22,14,2,12,2,0,2,12,4,10,23,3,22
129,./sourcecode1022/2014/CVE-2014-0101/torvalds%linux/master/038a5008b2f3_patch/equal_file_patch/0e833d8cfcb5.patch,2,10,1,18,2,16,14,4,10,4,0,4,0,0,0,40,6,34,30,8,22,18,4,14,2,0,2,13,5,11,23,7,22
130,./sourcecode1022/2014/CVE-2014-2038/torvalds%linux/master/9b0cd304f26b_patch/equal_file_patch/faa392181a0b.patch,1,1,1,1,0,1,2,1,1,0,0,0,0,0,0,1,0,1,2,0,2,2,1,1,0,0,0,1,1,1,5,1,5
131,./sourcecode1022/2014/CVE-2014-2038/torvalds%linux/master/9b0cd304f26b_patch/equal_file_patch/d61fb48b2f81.patch,1,1,1,1,0,1,2,1,1,0,0,0,0,0,0,1,0,1,2,0,2,2,1,1,0,0,0,1,1,1,5,1,5
132,./sourcecode1022/2014/CVE-2014-2038/torvalds%linux/master/9b0cd304f26b_patch/equal_file_patch/14aa02449064.patch,1,1,1,1,0,1,2,1,1,0,0,0,0,0,0,1,0,1,2,0,2,2,1,1,0,0,0,1,1,1,5,1,5
133,./sourcecode1022/2014/CVE-2014-2038/torvalds%linux/master/9b0cd304f26b_patch/equal_file_patch/cc8b8faea417.patch,1,1,1,1,0,1,2,1,1,0,0,0,0,0,0,1,0,1,2,0,2,2,1,1,0,0,0,1,1,1,5,1,5
134,./sourcecode1022/2014/CVE-2014-2038/torvalds%linux/master/9b0cd304f26b_patch/equal_file_patch/68a32ba14177.patch,1,1,1,1,0,1,2,1,1,0,0,0,0,0,0,1,0,1,2,0,2,2,1,1,0,0,0,1,1,1,5,1,5
135,./sourcecode1022/2014/CVE-2014-2038/torvalds%linux/master/9b0cd304f26b_patch/equal_file_patch/e05bf4f366ca.patch,1,1,1,1,0,1,2,1,1,0,0,0,0,0,0,1,0,1,2,0,2,2,1,1,0,0,0,1,1,1,5,1,5
136,./sourcecode1022/2014/CVE-2014-2038/torvalds%linux/master/1466b77a7be7_patch/equal_file_patch/a111daf0c53a.patch,1,0,1,0,0,0,0,0,0,0,0,0,0,0,0,0,0,0,0,0,0,0,0,0,0,0,0,0,0,0,0,0,0
137,./sourcecode1022/2014/CVE-2014-2038/torvalds%linux/master/1466b77a7be7_patch/equal_file_patch/0af5cb349a2c.patch,1,0,1,0,0,0,0,0,0,0,0,0,0,0,0,0,0,0,0,0,0,0,0,0,0,0,0,0,0,0,0,0,0
138,./sourcecode1022/2014/CVE-2014-2038/torvalds%linux/master/2b2b15c32ae9_patch/equal_file_patch/0af5cb349a2c.patch,1,1,1,1,0,1,2,1,1,0,0,0,0,0,0,1,0,1,2,0,2,2,1,1,0,0,0,1,1,1,5,1,5
139,./sourcecode1022/2014/CVE-2014-2038/torvalds%linux/master/2b2b15c32ae9_patch/equal_file_patch/a111daf0c53a.patch,1,1,1,1,0,1,2,1,1,0,0,0,0,0,0,1,0,1,2,0,2,2,1,1,0,0,0,1,1,1,5,1,5
140,./sourcecode1022/2014/CVE-2014-2038/torvalds%linux/master/049ffa8ab33a_patch/equal_file_patch/960dfc4eb23a.patch,1,0,1,0,0,0,0,0,0,0,0,0,0,0,0,0,0,0,0,0,0,0,0,0,0,0,0,0,0,0,0,0,0
141,./sourcecode1022/2014/CVE-2014-2038/torvalds%linux/master/049ffa8ab33a_patch/equal_file_patch/099bfbfc7fbb.patch,1,0,1,0,0,0,0,0,0,0,0,0,0,0,0,0,0,0,0,0,0,0,0,0,0,0,0,0,0,0,0,0,0
142,./sourcecode1022/2014/CVE-2014-2038/torvalds%linux/master/049ffa8ab33a_patch/equal_file_patch/06d1ee32a4d2.patch,1,0,1,0,0,0,0,0,0,0,0,0,0,0,0,0,0,0,0,0,0,0,0,0,0,0,0,0,0,0,0,0,0
143,./sourcecode1022/2014/CVE-2014-2038/torvalds%linux/master/049ffa8ab33a_patch/equal_file_patch/102ed8c35ab2.patch,1,0,1,0,0,0,0,0,0,0,0,0,0,0,0,0,0,0,0,0,0,0,0,0,0,0,0,0,0,0,0,0,0
144,./sourcecode1022/2014/CVE-2014-2038/torvalds%linux/master/049ffa8ab33a_patch/equal_file_patch/6ddf37da05cd.patch,1,0,1,0,0,0,0,0,0,0,0,0,0,0,0,0,0,0,0,0,0,0,0,0,0,0,0,0,0,0,0,0,0
145,./sourcecode1022/2014/CVE-2014-2038/torvalds%linux/master/049ffa8ab33a_patch/equal_file_patch/68a32ba14177.patch,1,0,1,0,0,0,0,0,0,0,0,0,0,0,0,0,0,0,0,0,0,0,0,0,0,0,0,0,0,0,0,0,0
146,./sourcecode1022/2014/CVE-2014-3215/torvalds%linux/master/5e40d331bd72_patch/equal_file_patch/a111daf0c53a.patch,4,53,3,34,14,20,104,30,74,57,14,43,0,0,0,351,183,168,189,111,78,70,14,56,63,28,35,63,25,47,118,72,92
147,./sourcecode1022/2014/CVE-2014-3215/torvalds%linux/master/5e40d331bd72_patch/equal_file_patch/0af5cb349a2c.patch,4,53,3,34,14,20,104,30,74,57,14,43,0,0,0,351,183,168,189,111,78,70,14,56,63,28,35,63,25,47,118,72,92
148,./sourcecode1022/2014/CVE-2014-3487/file%file/badmaster/b59b1691ede3_patch/equal_file_patch/e670808c.patch,1,1,1,1,0,1,1,0,1,1,0,1,0,0,0,7,2,5,1,0,1,0,0,0,2,1,1,2,1,2,11,5,11
149,./sourcecode1022/2014/CVE-2014-3487/file%file/badmaster/b59b1691ede3_patch/equal_file_patch/405fd7c4.patch,1,2,1,1,0,1,2,0,2,2,0,2,0,0,0,9,2,7,3,0,3,0,0,0,2,1,1,3,1,3,15,5,15
150,./sourcecode1022/2014/CVE-2014-3487/file%file/badmaster/b59b1691ede3_patch/equal_file_patch/41ff4260.patch,1,2,1,1,0,1,2,0,2,2,0,2,0,0,0,9,2,7,3,0,3,0,0,0,2,1,1,3,1,3,15,5,15
151,./sourcecode1022/2014/CVE-2014-3487/file%file/badmaster/b59b1691ede3_patch/equal_file_patch/2340feb1.patch,1,2,1,1,0,1,2,0,2,2,0,2,0,0,0,9,2,7,3,0,3,0,0,0,2,1,1,3,1,3,15,5,15
152,./sourcecode1022/2014/CVE-2014-3487/file%file/badmaster/b59b1691ede3_patch/equal_file_patch/f80751bf.patch,1,1,1,1,0,1,1,0,1,1,0,1,0,0,0,7,2,5,1,0,1,0,0,0,2,1,1,2,1,2,11,5,11
153,./sourcecode1022/2014/CVE-2014-3487/file%file/badmaster/b59b1691ede3_patch/equal_file_patch/27c7784c.patch,1,2,1,1,0,1,2,0,2,2,0,2,0,0,0,9,2,7,3,0,3,0,0,0,2,1,1,3,1,3,15,5,15
154,./sourcecode1022/2014/CVE-2014-3506/grgbr%openssl/cross-OpenSSL_1_1_1h/1250f12613b6_patch/equal_file_patch/cbfc8badd.patch,19,90,2,40,40,0,160,80,80,30,0,30,0,0,0,260,140,120,330,170,160,60,40,20,20,20,0,4,2,3,17,15,12
155,./sourcecode1022/2014/CVE-2014-3506/grgbr%openssl/cross-OpenSSL_1_1_1h/1250f12613b6_patch/equal_file_patch/964012dc5.patch,10,90,2,40,40,0,160,80,80,30,0,30,0,0,0,260,140,120,330,170,160,60,40,20,20,20,0,4,2,3,17,15,12
156,./sourcecode1022/2014/CVE-2014-3506/grgbr%openssl/cross-OpenSSL_1_1_1h/1250f12613b6_patch/equal_file_patch/d15f5df70d89.patch,10,90,2,40,40,0,160,80,80,30,0,30,0,0,0,260,140,120,330,170,160,60,40,20,20,20,0,4,2,3,17,15,12
157,./sourcecode1022/2014/CVE-2014-3506/grgbr%openssl/cross-OpenSSL_1_1_1h/1250f12613b6_patch/equal_file_patch/ebdf37e4b.patch,10,90,2,40,40,0,160,80,80,30,0,30,0,0,0,260,140,120,330,170,160,60,40,20,20,20,0,4,2,3,17,15,12
158,./sourcecode1022/2014/CVE-2014-3506/grgbr%openssl/cross-OpenSSL_1_1_1h/1250f12613b6_patch/equal_file_patch/67b8bcee9.patch,10,90,2,40,40,0,160,80,80,30,0,30,0,0,0,260,140,120,330,170,160,60,40,20,20,20,0,4,2,3,17,15,12
159,./sourcecode1022/2014/CVE-2014-3506/grgbr%openssl/cross-OpenSSL_1_1_1h/1250f12613b6_patch/equal_file_patch/1620a2e49c77.patch,10,90,2,40,40,0,160,80,80,30,0,30,0,0,0,260,140,120,330,170,160,60,40,20,20,20,0,4,2,3,17,15,12
160,./sourcecode1022/2014/CVE-2014-8092/pelya%xserver-xsdl/server-1.11-branch/26c1958c322b_patch/equal_file_patch/6dae7f379.patch,3,11,3,6,1,5,4,1,3,4,2,2,0,0,0,25,6,19,12,2,10,13,2,11,4,0,4,9,3,6,29,17,23
161,./sourcecode1022/2014/CVE-2014-8092/pelya%xserver-xsdl/server-1.11-branch/26c1958c322b_patch/equal_file_patch/892e39025.patch,3,11,3,6,1,5,4,1,3,4,2,2,0,0,0,25,6,19,12,2,10,13,2,11,4,0,4,9,3,6,29,17,23
162,./sourcecode1022/2014/CVE-2014-8092/pelya%xserver-xsdl/server-1.11-branch/26c1958c322b_patch/equal_file_patch/10a9bac02.patch,1,4,1,0,0,0,0,0,0,2,1,1,0,0,0,5,0,5,4,0,4,3,0,3,3,0,3,4,1,3,10,3,8
163,./sourcecode1022/2014/CVE-2014-8092/pelya%xserver-xsdl/server-1.11-branch/26c1958c322b_patch/equal_file_patch/f57240a0a.patch,3,9,3,2,0,2,4,1,3,2,1,1,0,0,0,24,5,19,11,1,10,13,2,11,4,0,4,6,2,5,27,15,22
164,./sourcecode1022/2014/CVE-2014-8092/pelya%xserver-xsdl/server-1.11-branch/26c1958c322b_patch/equal_file_patch/48b4b778f.patch,3,11,3,6,1,5,4,1,3,4,2,2,0,0,0,25,6,19,12,2,10,13,2,11,4,0,4,9,3,6,29,17,23
165,./sourcecode1022/2014/CVE-2014-8092/pelya%xserver-xsdl/server-1.11-branch/26c1958c322b_patch/equal_file_patch/7968823cb.patch,2,6,2,0,0,0,2,1,1,2,1,1,0,0,0,10,3,7,6,1,5,3,0,3,3,0,3,5,2,4,17,10,14
166,./sourcecode1022/2014/CVE-2014-9428/torvalds%linux/master/42a2d923cc34_patch/equal_file_patch/0af5cb349a2c.patch,1,2,1,0,0,0,1,0,1,0,0,0,0,0,0,6,2,4,1,0,1,1,0,1,1,0,1,2,1,1,4,3,4
167,./sourcecode1022/2014/CVE-2014-9428/torvalds%linux/master/42a2d923cc34_patch/equal_file_patch/a111daf0c53a.patch,1,2,1,0,0,0,1,0,1,0,0,0,0,0,0,6,2,4,1,0,1,1,0,1,1,0,1,2,1,1,4,3,4
168,./sourcecode1022/2014/CVE-2014-9428/torvalds%linux/master/35a9ad8af0bb_patch/equal_file_patch/9a76aba02a37.patch,1,2,1,0,0,0,1,0,1,0,0,0,0,0,0,6,2,4,1,0,1,1,0,1,1,0,1,0,0,0,3,2,3
169,./sourcecode1022/2014/CVE-2014-9428/torvalds%linux/master/35a9ad8af0bb_patch/equal_file_patch/645630035643.patch,1,2,1,0,0,0,1,0,1,0,0,0,0,0,0,6,2,4,1,0,1,1,0,1,1,0,1,2,1,1,4,3,4
170,./sourcecode1022/2014/CVE-2014-9428/torvalds%linux/master/35a9ad8af0bb_patch/equal_file_patch/67b076095dd7.patch,1,2,1,0,0,0,1,0,1,0,0,0,0,0,0,6,2,4,1,0,1,1,0,1,1,0,1,0,0,0,3,2,3
171,./sourcecode1022/2014/CVE-2014-9428/torvalds%linux/master/35a9ad8af0bb_patch/equal_file_patch/c884d8ac7ffc.patch,1,2,1,0,0,0,1,0,1,0,0,0,0,0,0,6,2,4,1,0,1,1,0,1,1,0,1,2,1,1,4,3,4
172,./sourcecode1022/2014/CVE-2014-9428/torvalds%linux/master/35a9ad8af0bb_patch/equal_file_patch/50b825d7e87f.patch,1,2,1,0,0,0,1,0,1,0,0,0,0,0,0,6,2,4,1,0,1,1,0,1,1,0,1,0,0,0,3,2,3
173,./sourcecode1022/2014/CVE-2014-9428/torvalds%linux/master/35a9ad8af0bb_patch/equal_file_patch/a111daf0c53a.patch,1,2,1,0,0,0,1,0,1,0,0,0,0,0,0,6,2,4,1,0,1,1,0,1,1,0,1,2,1,1,4,3,4
174,./sourcecode1022/2014/CVE-2014-9903/torvalds%linux/master/5580723faa4f_patch/equal_file_patch/59bf6c3c6c1e.patch,4,4,1,0,0,0,0,0,0,0,0,0,0,0,0,12,4,8,4,0,4,0,0,0,0,0,0,1,1,1,5,4,4
175,./sourcecode1022/2014/CVE-2014-9903/torvalds%linux/master/5580723faa4f_patch/equal_file_patch/7a48837732f8.patch,4,4,1,0,0,0,0,0,0,0,0,0,0,0,0,12,4,8,4,0,4,0,0,0,0,0,0,1,1,1,5,4,4
176,./sourcecode1022/2014/CVE-2014-9903/torvalds%linux/master/5580723faa4f_patch/equal_file_patch/181da3c34a43.patch,4,4,1,0,0,0,0,0,0,0,0,0,0,0,0,12,4,8,4,0,4,0,0,0,0,0,0,1,1,1,5,4,4
177,./sourcecode1022/2014/CVE-2014-9903/torvalds%linux/master/5580723faa4f_patch/equal_file_patch/1ead65812486.patch,4,4,1,0,0,0,0,0,0,0,0,0,0,0,0,12,4,8,4,0,4,0,0,0,0,0,0,1,1,1,5,4,4
178,./sourcecode1022/2014/CVE-2014-9903/torvalds%linux/master/5580723faa4f_patch/equal_file_patch/1f8c538ed6a3.patch,4,4,1,0,0,0,0,0,0,0,0,0,0,0,0,12,4,8,4,0,4,0,0,0,0,0,0,1,1,1,5,4,4
179,./sourcecode1022/2014/CVE-2014-9903/torvalds%linux/master/5580723faa4f_patch/equal_file_patch/a21e40877ad1.patch,4,4,1,0,0,0,0,0,0,0,0,0,0,0,0,12,4,8,4,0,4,0,0,0,0,0,0,1,1,1,5,4,4
180,./sourcecode1022/2015/CVE-2015-1573/torvalds%linux/master/a6391a924cf5_patch/equal_file_patch/5bb053bef825.patch,6,8,1,0,0,0,32,0,32,32,0,32,24,0,24,96,0,96,88,0,88,32,0,32,24,0,24,5,0,5,16,0,16
181,./sourcecode1022/2015/CVE-2015-1573/torvalds%linux/master/a6391a924cf5_patch/equal_file_patch/50b825d7e87f.patch,6,130,2,2,0,2,232,82,150,122,44,78,48,16,32,580,230,350,376,136,240,152,40,112,82,32,50,28,16,21,58,38,49
182,./sourcecode1022/2015/CVE-2015-1573/torvalds%linux/master/a6391a924cf5_patch/equal_file_patch/aae3dbb4776e.patch,6,14,3,0,0,0,32,2,30,30,2,28,16,0,16,88,6,82,74,2,72,28,0,28,20,2,18,5,1,5,25,7,22
183,./sourcecode1022/2015/CVE-2015-1573/torvalds%linux/master/a6391a924cf5_patch/equal_file_patch/1b1bc42c1692.patch,6,14,3,0,0,0,28,2,26,28,2,26,16,0,16,82,6,76,68,2,66,26,0,26,18,2,16,5,1,5,20,7,17
184,./sourcecode1022/2015/CVE-2015-1573/torvalds%linux/master/a6391a924cf5_patch/equal_file_patch/687ee0ad4e89.patch,6,38,3,0,0,0,44,10,34,44,10,34,24,8,16,114,30,84,100,26,74,50,8,42,26,10,16,5,3,5,18,15,15
185,./sourcecode1022/2015/CVE-2015-1573/torvalds%linux/master/a6391a924cf5_patch/equal_file_patch/4ac4d584886a.patch,6,14,3,0,0,0,28,2,26,28,2,26,16,0,16,82,6,76,68,2,66,26,0,26,18,2,16,5,1,5,20,7,17
186,./sourcecode1022/2015/CVE-2015-1573/torvalds%linux/master/35a9ad8af0bb_patch/equal_file_patch/89453379aaf0.patch,1,5,1,0,0,0,4,2,2,5,3,2,0,0,0,10,6,4,8,5,3,1,0,1,6,3,3,5,3,3,18,16,12
187,./sourcecode1022/2015/CVE-2015-1573/torvalds%linux/master/35a9ad8af0bb_patch/equal_file_patch/698ea54dde67.patch,1,3,1,0,0,0,3,3,0,5,4,1,0,0,0,8,6,2,5,5,0,0,0,0,5,4,1,4,3,1,16,16,3
188,./sourcecode1022/2015/CVE-2015-1573/torvalds%linux/master/35a9ad8af0bb_patch/equal_file_patch/32826ac41f21.patch,1,3,1,0,0,0,3,3,0,5,4,1,0,0,0,8,6,2,5,5,0,0,0,0,5,4,1,4,3,1,16,16,3
189,./sourcecode1022/2015/CVE-2015-1573/torvalds%linux/master/35a9ad8af0bb_patch/equal_file_patch/6c373ca89399.patch,1,5,1,0,0,0,4,2,2,5,3,2,0,0,0,10,6,4,8,5,3,1,0,1,6,3,3,5,3,3,18,16,12
190,./sourcecode1022/2015/CVE-2015-1573/torvalds%linux/master/35a9ad8af0bb_patch/equal_file_patch/36bef8838003.patch,1,5,1,0,0,0,4,2,2,5,3,2,0,0,0,10,6,4,8,5,3,1,0,1,6,3,3,5,3,3,18,16,12
191,./sourcecode1022/2015/CVE-2015-1573/torvalds%linux/master/35a9ad8af0bb_patch/equal_file_patch/107df03203bb.patch,1,3,1,0,0,0,3,3,0,5,4,1,0,0,0,8,6,2,5,5,0,0,0,0,5,4,1,4,3,1,16,16,3
192,./sourcecode1022/2015/CVE-2015-2756/xen-project%qemu-xen/master/81b23ef82cd1_patch/equal_file_patch/1a3ba3ec4f6c.patch,3,24,2,0,0,0,3,0,3,0,0,0,0,0,0,63,30,33,15,9,6,21,12,9,27,12,15,5,4,5,25,22,23
193,./sourcecode1022/2015/CVE-2015-2756/xen-project%qemu-xen/master/81b23ef82cd1_patch/equal_file_patch/052677b2c8.patch,3,21,2,0,0,0,3,0,3,0,0,0,0,0,0,63,30,33,15,9,6,21,12,9,27,12,15,4,4,4,25,22,23
194,./sourcecode1022/2015/CVE-2015-2756/xen-project%qemu-xen/master/81b23ef82cd1_patch/equal_file_patch/3a56af1fbc.patch,3,21,2,0,0,0,3,0,3,0,0,0,0,0,0,63,30,33,15,9,6,21,12,9,27,12,15,4,4,4,25,22,23
195,./sourcecode1022/2015/CVE-2015-2756/xen-project%qemu-xen/master/81b23ef82cd1_patch/equal_file_patch/1c7d5c433398.patch,3,21,2,0,0,0,3,0,3,0,0,0,0,0,0,63,30,33,15,9,6,21,12,9,27,12,15,4,4,4,25,22,23
196,./sourcecode1022/2015/CVE-2015-2756/xen-project%qemu-xen/master/81b23ef82cd1_patch/equal_file_patch/13566fe3e5.patch,3,21,2,0,0,0,3,0,3,0,0,0,0,0,0,63,30,33,15,9,6,21,12,9,27,12,15,4,4,4,25,22,23
197,./sourcecode1022/2015/CVE-2015-2756/xen-project%qemu-xen/master/81b23ef82cd1_patch/equal_file_patch/2a8327e8a8.patch,3,9,2,0,0,0,3,0,3,0,0,0,0,0,0,12,0,12,6,0,6,6,0,6,9,0,9,3,1,3,8,1,8
198,./sourcecode1022/2015/CVE-2015-5288/dengxuyue%postgresql/master/08fa47c4850c_patch/equal_file_patch/a31aaec406.patch,2,2,1,0,0,0,0,0,0,0,0,0,0,0,0,0,0,0,0,0,0,0,0,0,0,0,0,1,0,1,0,0,0
199,./sourcecode1022/2015/CVE-2015-5288/dengxuyue%postgresql/master/08fa47c4850c_patch/equal_file_patch/5c3c3cd0a3.patch,2,2,1,0,0,0,0,0,0,0,0,0,0,0,0,0,0,0,0,0,0,0,0,0,0,0,0,1,0,1,0,0,0
200,./sourcecode1022/2015/CVE-2015-5288/dengxuyue%postgresql/master/08fa47c4850c_patch/equal_file_patch/24c5f1a103.patch,2,2,1,0,0,0,0,0,0,0,0,0,0,0,0,0,0,0,0,0,0,0,0,0,0,0,0,1,0,1,0,0,0
201,./sourcecode1022/2015/CVE-2015-5288/dengxuyue%postgresql/master/08fa47c4850c_patch/equal_file_patch/6b1a213bbd.patch,2,2,1,0,0,0,0,0,0,0,0,0,0,0,0,0,0,0,0,0,0,0,0,0,0,0,0,1,0,1,0,0,0
202,./sourcecode1022/2015/CVE-2015-5288/dengxuyue%postgresql/master/08fa47c4850c_patch/equal_file_patch/7cb1db1d95.patch,2,2,1,0,0,0,0,0,0,0,0,0,0,0,0,0,0,0,0,0,0,0,0,0,0,0,0,1,0,1,0,0,0
203,./sourcecode1022/2015/CVE-2015-5288/dengxuyue%postgresql/master/08fa47c4850c_patch/equal_file_patch/be11f8400d.patch,2,2,1,0,0,0,0,0,0,0,0,0,0,0,0,0,0,0,0,0,0,0,0,0,0,0,0,1,0,1,0,0,0
204,./sourcecode1022/2015/CVE-2015-7500/GerHobbelt%libxml2/master/ee41238a4b63_patch/equal_file_patch/7244c89e.patch,1,13,9,6,6,0,15,9,6,2,0,2,3,1,2,52,29,23,24,12,12,8,6,2,0,0,0,6,6,3,23,17,19
205,./sourcecode1022/2015/CVE-2015-7500/GerHobbelt%libxml2/master/ee41238a4b63_patch/equal_file_patch/4a6eea3c.patch,1,5,2,0,0,0,14,9,5,1,0,1,2,1,1,19,10,9,21,12,9,8,6,2,0,0,0,3,3,1,17,13,10
206,./sourcecode1022/2015/CVE-2015-7500/GerHobbelt%libxml2/master/ee41238a4b63_patch/equal_file_patch/c297fdeb.patch,1,3,1,0,0,0,10,7,3,1,0,1,2,1,1,6,3,3,9,6,3,6,5,1,0,0,0,3,3,1,10,8,6
207,./sourcecode1022/2015/CVE-2015-7500/GerHobbelt%libxml2/master/ee41238a4b63_patch/equal_file_patch/94c5febc.patch,1,3,1,0,0,0,10,7,3,1,0,1,2,1,1,6,3,3,9,6,3,6,5,1,0,0,0,3,3,1,10,8,6
208,./sourcecode1022/2015/CVE-2015-7500/GerHobbelt%libxml2/master/ee41238a4b63_patch/equal_file_patch/a2a99cef.patch,1,5,2,0,0,0,14,9,5,1,0,1,2,1,1,19,10,9,21,12,9,8,6,2,0,0,0,3,3,1,17,13,10
209,./sourcecode1022/2015/CVE-2015-7500/GerHobbelt%libxml2/master/ee41238a4b63_patch/equal_file_patch/723e23c7.patch,1,5,2,0,0,0,14,9,5,1,0,1,2,1,1,19,10,9,21,12,9,8,6,2,0,0,0,3,3,1,17,13,10
210,./sourcecode1022/2015/CVE-2015-7702/ntp-project%ntp/master-no-authorname/c4cd4aaf418f57f7225708a93bf48afb2bc9c1da_patch/equal_file_patch/49614e1b4.patch,1,18,6,4,1,3,31,11,20,8,1,7,2,1,1,63,36,27,54,26,28,13,5,8,9,5,4,14,11,13,51,40,46
211,./sourcecode1022/2015/CVE-2015-7702/ntp-project%ntp/master-no-authorname/c4cd4aaf418f57f7225708a93bf48afb2bc9c1da_patch/equal_file_patch/33bf7cc09.patch,1,18,6,4,1,3,31,11,20,8,1,7,2,1,1,63,36,27,54,26,28,13,5,8,9,5,4,14,11,13,51,40,46
212,./sourcecode1022/2015/CVE-2015-7702/ntp-project%ntp/master-no-authorname/c4cd4aaf418f57f7225708a93bf48afb2bc9c1da_patch/equal_file_patch/023b52db1.patch,1,18,6,4,1,3,31,11,20,8,1,7,2,1,1,63,36,27,54,26,28,13,5,8,9,5,4,14,11,13,51,40,46
213,./sourcecode1022/2015/CVE-2015-7702/ntp-project%ntp/master-no-authorname/c4cd4aaf418f57f7225708a93bf48afb2bc9c1da_patch/equal_file_patch/981a4dbb0.patch,1,18,6,4,1,3,31,11,20,8,1,7,2,1,1,63,36,27,54,26,28,13,5,8,9,5,4,14,11,13,51,40,46
214,./sourcecode1022/2015/CVE-2015-7705/ntp-project%ntp/master-no-authorname/492758c3d0690d3ccf7130fabfcf670997f12f7b_patch/equal_file_patch/33bf7cc09.patch,3,67,9,8,4,4,398,198,200,2,0,2,0,0,0,210,94,116,424,210,214,346,171,175,112,55,57,16,12,16,151,128,151
215,./sourcecode1022/2015/CVE-2015-7705/ntp-project%ntp/master-no-authorname/492758c3d0690d3ccf7130fabfcf670997f12f7b_patch/equal_file_patch/9c75327c3.patch,2,142,9,16,8,8,556,269,287,41,8,33,0,0,0,816,266,550,683,281,402,414,179,235,186,79,107,30,19,30,271,198,268
216,./sourcecode1022/2015/CVE-2015-7705/ntp-project%ntp/master-no-authorname/492758c3d0690d3ccf7130fabfcf670997f12f7b_patch/equal_file_patch/49614e1b4.patch,3,67,9,8,4,4,398,198,200,2,0,2,0,0,0,210,94,116,424,210,214,346,171,175,112,55,57,16,12,16,151,128,151
217,./sourcecode1022/2015/CVE-2015-7705/ntp-project%ntp/master-no-authorname/492758c3d0690d3ccf7130fabfcf670997f12f7b_patch/equal_file_patch/69532276f.patch,3,67,9,8,4,4,398,198,200,2,0,2,0,0,0,210,94,116,424,210,214,346,171,175,112,55,57,16,12,16,151,128,151
218,./sourcecode1022/2015/CVE-2015-7705/ntp-project%ntp/master-no-authorname/492758c3d0690d3ccf7130fabfcf670997f12f7b_patch/equal_file_patch/c66b70870.patch,3,67,9,8,4,4,398,198,200,2,0,2,0,0,0,210,94,116,424,210,214,346,171,175,112,55,57,16,12,16,151,128,151
219,./sourcecode1022/2015/CVE-2015-7705/ntp-project%ntp/master-no-authorname/492758c3d0690d3ccf7130fabfcf670997f12f7b_patch/equal_file_patch/023b52db1.patch,3,126,9,16,8,8,496,267,229,31,8,23,0,0,0,668,264,404,599,279,320,396,179,217,160,77,83,24,18,24,233,198,230
220,./sourcecode1022/2015/CVE-2015-7705/ntp-project%ntp/master-no-authorname/21d57dc336dbe9a975baca5ce5ae4da5b71ff123_patch/equal_file_patch/97575f687.patch,3,82,9,14,6,8,420,207,213,14,0,14,0,0,0,234,102,132,447,219,228,350,175,175,118,57,61,17,12,17,166,131,166
221,./sourcecode1022/2015/CVE-2015-7705/ntp-project%ntp/master-no-authorname/21d57dc336dbe9a975baca5ce5ae4da5b71ff123_patch/equal_file_patch/981a4dbb0.patch,3,82,9,14,6,8,420,207,213,14,0,14,0,0,0,234,102,132,447,219,228,350,175,175,118,57,61,17,12,17,166,131,166
222,./sourcecode1022/2015/CVE-2015-7705/ntp-project%ntp/master-no-authorname/21d57dc336dbe9a975baca5ce5ae4da5b71ff123_patch/equal_file_patch/33bf7cc09.patch,3,82,9,14,6,8,420,207,213,14,0,14,0,0,0,234,102,132,447,219,228,350,175,175,118,57,61,17,12,17,166,131,166
223,./sourcecode1022/2015/CVE-2015-7705/ntp-project%ntp/master-no-authorname/21d57dc336dbe9a975baca5ce5ae4da5b71ff123_patch/equal_file_patch/49614e1b4.patch,3,82,9,14,6,8,420,207,213,14,0,14,0,0,0,234,102,132,447,219,228,350,175,175,118,57,61,17,12,17,166,131,166
224,./sourcecode1022/2015/CVE-2015-7705/ntp-project%ntp/master-no-authorname/21d57dc336dbe9a975baca5ce5ae4da5b71ff123_patch/equal_file_patch/9c75327c3.patch,2,148,9,14,6,8,560,269,291,37,0,37,0,0,0,836,272,564,698,286,412,418,183,235,184,77,107,30,18,30,273,188,270
225,./sourcecode1022/2015/CVE-2015-7705/ntp-project%ntp/master-no-authorname/21d57dc336dbe9a975baca5ce5ae4da5b71ff123_patch/equal_file_patch/69532276f.patch,3,82,9,14,6,8,420,207,213,14,0,14,0,0,0,234,102,132,447,219,228,350,175,175,118,57,61,17,12,17,166,131,166
226,./sourcecode1022/2015/CVE-2015-8010/Icinga%icinga-core/master/31dd493a48e3_patch/equal_file_patch/31dd493a48e3.patch,2,48,2,14,1,13,111,57,54,17,16,1,2,1,1,90,27,63,65,17,48,78,41,37,0,0,0,7,5,5,39,33,31
227,./sourcecode1022/2015/CVE-2015-8010/Icinga%icinga-core/master/31dd493a48e3_patch/equal_file_patch/d3158e014.patch,6,273,7,57,7,50,641,323,318,100,92,8,17,8,9,493,156,337,407,117,290,458,230,228,1,0,1,13,9,9,161,130,155
228,./sourcecode1022/2015/CVE-2015-8010/Icinga%icinga-core/master/31dd493a48e3_patch/equal_file_patch/ce5e59cd5.patch,6,274,7,57,7,50,641,323,318,100,92,8,17,8,9,503,161,342,427,127,300,462,232,230,1,0,1,13,9,9,168,136,161
229,./sourcecode1022/2015/CVE-2015-8010/Icinga%icinga-core/master/31dd493a48e3_patch/equal_file_patch/96c72bcdd.patch,6,274,7,57,7,50,641,323,318,100,92,8,17,8,9,503,161,342,427,127,300,462,232,230,1,0,1,13,9,9,168,136,161
230,./sourcecode1022/2015/CVE-2015-8010/Icinga%icinga-core/master/31dd493a48e3_patch/equal_file_patch/d6ed8875b.patch,6,274,7,57,7,50,641,323,318,100,92,8,17,8,9,503,161,342,427,127,300,462,232,230,1,0,1,13,9,9,168,136,161
231,./sourcecode1022/2015/CVE-2015-8340/cachengo%xen/jglr_xen_zaku/eedecb3cf0b2ce1ffc2eb08f3c73f88d42c382c9_patch/equal_file_patch/2a4b84706e.patch,3,9,1,0,0,0,3,0,3,0,0,0,0,0,0,15,9,6,6,0,6,6,0,6,3,0,3,5,2,3,10,6,8
232,./sourcecode1022/2015/CVE-2015-8340/cachengo%xen/jglr_xen_zaku/eedecb3cf0b2ce1ffc2eb08f3c73f88d42c382c9_patch/equal_file_patch/7d87d31d33.patch,3,18,1,0,0,0,3,0,3,0,0,0,0,0,0,27,15,12,6,0,6,12,3,9,3,0,3,12,5,9,16,12,16
233,./sourcecode1022/2015/CVE-2015-8340/cachengo%xen/jglr_xen_zaku/eedecb3cf0b2ce1ffc2eb08f3c73f88d42c382c9_patch/equal_file_patch/58cd994c6b.patch,3,9,1,0,0,0,3,0,3,0,0,0,0,0,0,15,9,6,6,0,6,6,0,6,3,0,3,5,2,3,10,6,8
234,./sourcecode1022/2015/CVE-2015-8340/cachengo%xen/jglr_xen_zaku/eedecb3cf0b2ce1ffc2eb08f3c73f88d42c382c9_patch/equal_file_patch/ed7e33747d.patch,3,18,1,0,0,0,3,0,3,0,0,0,0,0,0,27,15,12,6,0,6,12,3,9,3,0,3,12,5,9,16,12,16
235,./sourcecode1022/2015/CVE-2015-8340/cachengo%xen/jglr_xen_zaku/eedecb3cf0b2ce1ffc2eb08f3c73f88d42c382c9_patch/equal_file_patch/5806acf503.patch,3,9,1,0,0,0,3,0,3,0,0,0,0,0,0,15,9,6,6,0,6,6,0,6,3,0,3,5,2,3,10,6,8
236,./sourcecode1022/2015/CVE-2015-8340/cachengo%xen/jglr_xen_zaku/eedecb3cf0b2ce1ffc2eb08f3c73f88d42c382c9_patch/equal_file_patch/41fe9cabf2.patch,3,18,1,0,0,0,3,0,3,0,0,0,0,0,0,27,15,12,6,0,6,12,3,9,3,0,3,12,5,9,16,12,16
237,./sourcecode1022/2015/CVE-2015-8899/infinet%dnsmasq/fastlookup/cbc652423403_patch/equal_file_patch/cbc652423403.patch,3,10,2,32,7,25,46,8,38,16,5,11,3,0,3,28,0,28,21,0,21,43,5,38,29,1,28,3,2,3,56,32,48
238,./sourcecode1022/2015/CVE-2015-8899/infinet%dnsmasq/fastlookup/cbc652423403_patch/equal_file_patch/9f79ee4ae348.patch,3,13,2,32,7,25,52,8,44,16,5,11,3,0,3,40,0,40,36,0,36,46,5,41,29,1,28,3,2,3,59,32,52
239,./sourcecode1022/2015/CVE-2015-8899/infinet%dnsmasq/fastlookup/cbc652423403_patch/equal_file_patch/28de38768e2c.patch,3,13,2,32,7,25,52,8,44,16,5,11,3,0,3,40,0,40,36,0,36,46,5,41,29,1,28,3,2,3,59,32,52
240,./sourcecode1022/2015/CVE-2015-8899/infinet%dnsmasq/fastlookup/cbc652423403_patch/equal_file_patch/25cf5e373eb4.patch,3,10,2,32,7,25,46,8,38,16,5,11,3,0,3,28,0,28,21,0,21,43,5,38,29,1,28,3,2,3,56,32,48
241,./sourcecode1022/2015/CVE-2015-8899/infinet%dnsmasq/fastlookup/cbc652423403_patch/equal_file_patch/6e3ead2.patch,3,13,2,32,7,25,52,8,44,16,5,11,3,0,3,40,0,40,36,0,36,46,5,41,29,1,28,3,2,3,59,32,52
242,./sourcecode1022/2015/CVE-2015-8899/infinet%dnsmasq/fastlookup/cbc652423403_patch/equal_file_patch/fbf01f7.patch,3,13,2,32,7,25,52,8,44,16,5,11,3,0,3,40,0,40,36,0,36,46,5,41,29,1,28,3,2,3,59,32,52
243,./sourcecode1022/2016/CVE-2016-10190/FFmpeg%FFmpeg/master/2a05c8f813de_patch/equal_file_patch/58143b15ad.patch,2,31,10,6,2,4,49,22,27,8,2,6,2,1,1,155,74,81,111,50,61,34,17,17,0,0,0,11,7,10,73,61,71
244,./sourcecode1022/2016/CVE-2016-10190/FFmpeg%FFmpeg/master/2a05c8f813de_patch/equal_file_patch/f05559554c.patch,2,69,12,24,16,8,158,53,105,30,5,25,10,2,8,437,205,232,254,96,158,102,36,66,31,0,31,39,17,32,199,137,186
245,./sourcecode1022/2016/CVE-2016-10190/FFmpeg%FFmpeg/master/2a05c8f813de_patch/equal_file_patch/6ce5dd228c.patch,2,37,10,9,2,7,83,35,48,14,2,12,5,1,4,223,95,128,165,71,94,59,28,31,3,0,3,21,8,19,107,69,104
246,./sourcecode1022/2016/CVE-2016-10190/FFmpeg%FFmpeg/master/2a05c8f813de_patch/equal_file_patch/5edcdfc318.patch,2,67,12,23,16,7,154,52,102,29,5,24,10,2,8,433,205,228,248,95,153,102,36,66,30,0,30,37,17,30,196,137,182
247,./sourcecode1022/2016/CVE-2016-10190/FFmpeg%FFmpeg/master/2a05c8f813de_patch/equal_file_patch/7fb4b0368d.patch,2,30,10,6,2,4,47,22,25,8,2,6,2,1,1,153,74,79,110,50,60,34,17,17,0,0,0,11,7,10,72,61,70
248,./sourcecode1022/2016/CVE-2016-10190/FFmpeg%FFmpeg/master/2a05c8f813de_patch/equal_file_patch/31916d3d9f.patch,2,78,13,42,23,19,189,60,129,44,7,37,10,2,8,516,221,295,293,104,189,122,42,80,38,2,36,50,21,46,239,156,226
249,./sourcecode1022/2016/CVE-2016-10190/FFmpeg%FFmpeg/master/7d57ca4d9a75_patch/equal_file_patch/72270d5bd0.patch,2,37,10,9,2,7,85,35,50,14,2,12,5,1,4,223,94,129,165,70,95,60,28,32,4,0,4,22,8,20,116,73,104
250,./sourcecode1022/2016/CVE-2016-10190/FFmpeg%FFmpeg/master/7d57ca4d9a75_patch/equal_file_patch/921d7af6e9.patch,2,30,10,7,2,5,55,22,33,10,2,8,2,1,1,162,72,90,116,49,67,37,17,20,2,0,2,13,7,12,84,55,82
251,./sourcecode1022/2016/CVE-2016-10190/FFmpeg%FFmpeg/master/7d57ca4d9a75_patch/equal_file_patch/63ce42019c.patch,2,80,13,44,23,21,194,62,132,45,8,37,10,2,8,525,223,302,299,106,193,127,44,83,39,2,37,55,23,50,246,156,233
252,./sourcecode1022/2016/CVE-2016-10190/FFmpeg%FFmpeg/master/7d57ca4d9a75_patch/equal_file_patch/61a0ff892e.patch,2,66,12,23,16,7,153,49,104,29,5,24,10,2,8,428,199,229,245,91,154,103,36,67,31,0,31,36,15,31,194,130,182
253,./sourcecode1022/2016/CVE-2016-10190/FFmpeg%FFmpeg/master/7d57ca4d9a75_patch/equal_file_patch/6b594ba5d1.patch,2,68,12,24,16,8,160,53,107,30,5,25,10,2,8,436,203,233,254,95,159,103,36,67,32,0,32,40,17,33,199,132,186
254,./sourcecode1022/2016/CVE-2016-10190/FFmpeg%FFmpeg/master/7d57ca4d9a75_patch/equal_file_patch/851e0dfe29.patch,2,60,12,22,16,6,138,48,90,17,3,14,10,2,8,402,199,203,228,90,138,93,36,57,29,0,29,34,15,29,178,127,167
255,./sourcecode1022/2016/CVE-2016-10190/FFmpeg%FFmpeg/master/a5d25faa3f4b_patch/equal_file_patch/98a9b1f0de.patch,2,31,10,6,2,4,49,22,27,8,2,6,2,1,1,156,74,82,112,50,62,34,17,17,1,0,1,12,7,11,79,61,77
256,./sourcecode1022/2016/CVE-2016-10190/FFmpeg%FFmpeg/master/a5d25faa3f4b_patch/equal_file_patch/5542f78d46.patch,2,69,12,24,16,8,158,53,105,30,5,25,10,2,8,437,205,232,254,96,158,102,36,66,31,0,31,39,17,32,199,137,186
257,./sourcecode1022/2016/CVE-2016-10190/FFmpeg%FFmpeg/master/a5d25faa3f4b_patch/equal_file_patch/26cf50404d.patch,2,41,10,9,2,7,87,35,52,15,2,13,7,2,5,235,97,138,174,71,103,63,29,34,3,0,3,22,9,20,124,86,112
258,./sourcecode1022/2016/CVE-2016-10190/FFmpeg%FFmpeg/master/a5d25faa3f4b_patch/equal_file_patch/3f04964671.patch,1,28,9,6,2,4,46,22,24,7,2,5,2,1,1,148,72,76,106,49,57,33,17,16,0,0,0,11,7,10,65,55,63
259,./sourcecode1022/2016/CVE-2016-10190/FFmpeg%FFmpeg/master/a5d25faa3f4b_patch/equal_file_patch/6f36eb0da7.patch,2,63,12,22,16,6,136,48,88,19,4,15,10,2,8,403,201,202,228,91,137,92,36,56,28,0,28,33,15,28,180,133,168
260,./sourcecode1022/2016/CVE-2016-10190/FFmpeg%FFmpeg/master/a5d25faa3f4b_patch/equal_file_patch/01923579f4.patch,2,69,12,24,16,8,158,53,105,30,5,25,10,2,8,437,205,232,254,96,158,102,36,66,31,0,31,39,17,32,199,137,186
261,./sourcecode1022/2016/CVE-2016-1576/torvalds%linux/master/4bb0fb57f3bb_patch/equal_file_patch/5dfbfe71e324.patch,1,8,1,3,1,2,55,3,52,27,3,24,0,0,0,167,24,143,66,7,59,65,13,52,4,2,2,13,9,10,98,39,92
262,./sourcecode1022/2016/CVE-2016-1576/torvalds%linux/master/4bb0fb57f3bb_patch/equal_file_patch/7f427d3a6029.patch,3,11,5,1,0,1,14,2,12,8,0,8,0,0,0,37,6,31,19,4,15,9,0,9,8,2,6,18,5,15,51,10,50
263,./sourcecode1022/2016/CVE-2016-1576/torvalds%linux/master/4bb0fb57f3bb_patch/equal_file_patch/0fac198def2b.patch,1,8,1,3,1,2,55,3,52,27,3,24,0,0,0,167,24,143,66,7,59,65,13,52,4,2,2,14,9,10,98,39,92
264,./sourcecode1022/2016/CVE-2016-1576/torvalds%linux/master/4bb0fb57f3bb_patch/equal_file_patch/5d6b501fe542.patch,1,30,2,22,13,9,75,11,64,41,6,35,8,4,4,300,86,214,139,43,96,87,24,63,29,13,16,52,20,47,171,68,144
265,./sourcecode1022/2016/CVE-2016-1576/torvalds%linux/master/4bb0fb57f3bb_patch/equal_file_patch/6b1c776d3efb.patch,2,41,4,13,6,7,56,3,53,32,7,25,3,1,2,213,50,163,100,18,82,85,17,68,28,11,17,46,17,41,167,75,152
266,./sourcecode1022/2016/CVE-2016-1576/torvalds%linux/master/4bb0fb57f3bb_patch/equal_file_patch/81e3e044897b.patch,1,6,1,10,5,5,11,2,9,13,4,9,2,1,1,30,9,21,9,2,7,13,3,10,0,0,0,8,3,6,21,14,19
267,./sourcecode1022/2016/CVE-2016-7045/irssi%irssi/coverity_scan/d9b4cb34dccd_patch/equal_file_patch/61590f31.patch,1,2,2,0,0,0,2,0,2,2,0,2,0,0,0,3,0,3,2,0,2,0,0,0,0,0,0,0,0,0,4,0,4
268,./sourcecode1022/2016/CVE-2016-7045/irssi%irssi/coverity_scan/d9b4cb34dccd_patch/equal_file_patch/7732bbed.patch,1,3,2,0,0,0,9,5,4,2,0,2,0,0,0,5,1,4,7,3,4,2,1,1,0,0,0,2,2,0,10,8,7
269,./sourcecode1022/2016/CVE-2016-7045/irssi%irssi/coverity_scan/d9b4cb34dccd_patch/equal_file_patch/966efced.patch,1,3,2,0,0,0,9,5,4,2,0,2,0,0,0,5,1,4,7,3,4,2,1,1,0,0,0,2,2,0,10,8,7
270,./sourcecode1022/2016/CVE-2016-7045/irssi%irssi/coverity_scan/d9b4cb34dccd_patch/equal_file_patch/f852ccae.patch,1,3,2,0,0,0,9,5,4,2,0,2,0,0,0,5,1,4,7,3,4,2,1,1,0,0,0,2,2,0,10,8,7
271,./sourcecode1022/2016/CVE-2016-7045/irssi%irssi/coverity_scan/d9b4cb34dccd_patch/equal_file_patch/10cea616.patch,1,3,2,0,0,0,9,5,4,2,0,2,0,0,0,5,1,4,7,3,4,2,1,1,0,0,0,2,2,0,10,8,7
272,./sourcecode1022/2016/CVE-2016-7045/irssi%irssi/coverity_scan/d9b4cb34dccd_patch/equal_file_patch/78ba05985d8f.patch,1,3,2,0,0,0,9,5,4,2,0,2,0,0,0,5,1,4,7,3,4,2,1,1,0,0,0,2,2,0,10,8,7
273,./sourcecode1022/2017/CVE-2017-0404/GeekZJJ%android_kernel-3.14/khadas-vims-nougat/c7487992f684_patch/equal_file_patch/c7487992f684.patch,2,4,1,8,0,8,6,2,4,0,0,0,0,0,0,6,2,4,6,2,4,2,0,2,0,0,0,0,0,0,4,2,4
274,./sourcecode1022/2017/CVE-2017-0404/GeekZJJ%android_kernel-3.14/khadas-vims-nougat/c7487992f684_patch/equal_file_patch/fbedb693e73.patch,2,4,1,8,0,8,6,2,4,0,0,0,0,0,0,6,2,4,6,2,4,2,0,2,0,0,0,0,0,0,4,2,4
275,./sourcecode1022/2017/CVE-2017-1000380/torvalds%linux/master/39e4edfdf501_patch/equal_file_patch/e26aac3caead.patch,14,77,2,42,42,0,42,42,0,0,0,0,0,0,0,476,315,161,308,203,105,0,0,0,56,21,35,6,6,3,29,27,18
276,./sourcecode1022/2017/CVE-2017-1000380/torvalds%linux/master/39e4edfdf501_patch/equal_file_patch/126f7051b4da.patch,14,77,2,42,42,0,42,42,0,0,0,0,0,0,0,476,315,161,308,203,105,0,0,0,56,21,35,6,6,3,29,27,18
277,./sourcecode1022/2017/CVE-2017-1000380/torvalds%linux/master/39e4edfdf501_patch/equal_file_patch/168fe32a072a.patch,14,77,2,42,42,0,42,42,0,0,0,0,0,0,0,476,315,161,308,203,105,0,0,0,56,21,35,6,6,3,29,27,18
278,./sourcecode1022/2017/CVE-2017-1000380/torvalds%linux/master/39e4edfdf501_patch/equal_file_patch/0af5cb349a2c.patch,14,98,2,98,49,49,126,70,56,28,0,28,0,0,0,700,350,350,434,238,196,7,0,7,98,42,56,11,8,8,46,33,41
279,./sourcecode1022/2017/CVE-2017-1000380/torvalds%linux/master/39e4edfdf501_patch/equal_file_patch/a111daf0c53a.patch,14,98,2,98,49,49,126,70,56,28,0,28,0,0,0,700,350,350,434,238,196,7,0,7,98,42,56,11,8,8,46,33,41
280,./sourcecode1022/2017/CVE-2017-1000380/torvalds%linux/master/39e4edfdf501_patch/equal_file_patch/d93d4ce103fd.patch,14,63,2,42,42,0,42,42,0,0,0,0,0,0,0,448,301,147,308,203,105,0,0,0,56,21,35,5,5,2,25,24,14
281,./sourcecode1022/2017/CVE-2017-1083/torvalds%linux/master/1dcf58d6e6e6_patch/equal_file_patch/a111daf0c53a.patch,1,48,1,13,6,7,53,24,29,3,0,3,2,1,1,188,87,101,98,52,46,28,10,18,31,19,12,29,17,25,79,62,65
282,./sourcecode1022/2017/CVE-2017-1083/torvalds%linux/master/1dcf58d6e6e6_patch/equal_file_patch/0af5cb349a2c.patch,1,48,1,13,6,7,53,24,29,3,0,3,2,1,1,188,87,101,98,52,46,28,10,18,31,19,12,29,17,25,79,62,65
283,./sourcecode1022/2017/CVE-2017-11664/Mindwerks%wildmidi/catch_all_the_reallocs/79209648408b_patch/equal_file_patch/72eb4e9710db.patch,1,73,1,29,14,15,144,70,74,100,50,50,0,0,0,134,61,73,80,38,42,151,73,78,0,0,0,6,4,6,32,24,31
284,./sourcecode1022/2017/CVE-2017-11664/Mindwerks%wildmidi/catch_all_the_reallocs/79209648408b_patch/equal_file_patch/cf6c764335e3.patch,1,16,1,20,10,10,6,1,5,4,0,4,0,0,0,52,28,24,4,1,3,4,0,4,0,0,0,6,4,5,45,29,41
285,./sourcecode1022/2017/CVE-2017-11664/Mindwerks%wildmidi/catch_all_the_reallocs/79209648408b_patch/equal_file_patch/7801a34b82a2.patch,1,73,1,33,14,19,144,70,74,101,50,51,0,0,0,135,61,74,80,38,42,151,73,78,0,0,0,6,4,6,33,24,32
286,./sourcecode1022/2017/CVE-2017-11664/Mindwerks%wildmidi/catch_all_the_reallocs/79209648408b_patch/equal_file_patch/cf6c764.patch,7,139,7,108,54,54,179,84,95,117,56,61,0,0,0,360,168,192,104,49,55,186,87,99,0,0,0,11,10,10,133,117,124
287,./sourcecode1022/2017/CVE-2017-11664/Mindwerks%wildmidi/catch_all_the_reallocs/79209648408b_patch/equal_file_patch/88c3a54.patch,7,140,7,108,54,54,185,84,101,122,58,64,0,0,0,366,169,197,109,49,60,191,88,103,0,0,0,11,10,10,143,121,134
288,./sourcecode1022/2017/CVE-2017-11664/Mindwerks%wildmidi/catch_all_the_reallocs/79209648408b_patch/equal_file_patch/db42139bc676.patch,1,73,1,28,14,14,143,70,73,100,50,50,0,0,0,132,61,71,79,38,41,149,73,76,0,0,0,4,4,4,25,24,24
289,./sourcecode1022/2017/CVE-2017-11858/sagarpant1%ChakraCore/master/0c854e68b19865de71ca7f9b0836d68f8df60997_patch/equal_file_patch/38425ca4b.patch,3,82,3,0,0,0,234,116,118,0,0,0,28,14,14,510,254,256,324,156,168,248,126,122,48,24,24,48,46,45,114,112,111
290,./sourcecode1022/2017/CVE-2017-11858/sagarpant1%ChakraCore/master/0c854e68b19865de71ca7f9b0836d68f8df60997_patch/equal_file_patch/12cfbd022.patch,3,132,4,2,0,2,314,150,164,0,0,0,30,14,16,688,314,374,534,222,312,382,186,196,52,26,26,81,70,74,184,130,181
291,./sourcecode1022/2017/CVE-2017-11858/sagarpant1%ChakraCore/master/0c854e68b19865de71ca7f9b0836d68f8df60997_patch/equal_file_patch/77ceffa26.patch,3,102,3,0,0,0,262,124,138,0,0,0,28,14,14,548,258,290,346,158,188,270,134,136,48,24,24,60,50,56,142,119,139
292,./sourcecode1022/2017/CVE-2017-11858/sagarpant1%ChakraCore/master/0c854e68b19865de71ca7f9b0836d68f8df60997_patch/equal_file_patch/4090e279b.patch,3,124,4,2,0,2,264,124,140,0,0,0,30,14,16,678,308,370,460,210,250,338,162,176,48,24,24,78,67,74,178,125,175
293,./sourcecode1022/2017/CVE-2017-11858/sagarpant1%ChakraCore/master/0c854e68b19865de71ca7f9b0836d68f8df60997_patch/equal_file_patch/43b230d66.patch,3,84,3,0,0,0,238,116,122,0,0,0,28,14,14,516,254,262,324,156,168,252,126,126,48,24,24,49,46,46,124,112,121
294,./sourcecode1022/2017/CVE-2017-11858/sagarpant1%ChakraCore/master/0c854e68b19865de71ca7f9b0836d68f8df60997_patch/equal_file_patch/eebe79fbc.patch,3,124,4,2,0,2,262,124,138,0,0,0,30,14,16,678,308,370,460,210,250,336,162,174,48,24,24,78,67,74,178,125,175
295,./sourcecode1022/2017/CVE-2017-11858/sagarpant1%ChakraCore/master/b54e0d6037360185799e323454ea7a215cba61cf_patch/equal_file_patch/1674db874.patch,3,84,3,0,0,0,230,112,118,0,0,0,20,10,10,498,248,250,312,150,162,228,116,112,48,24,24,47,45,44,111,109,108
296,./sourcecode1022/2017/CVE-2017-11858/sagarpant1%ChakraCore/master/b54e0d6037360185799e323454ea7a215cba61cf_patch/equal_file_patch/16374330b.patch,2,4,1,0,0,0,4,0,4,0,0,0,0,0,0,0,0,0,0,0,0,0,0,0,0,0,0,0,0,0,0,0,0
297,./sourcecode1022/2017/CVE-2017-11858/sagarpant1%ChakraCore/master/b54e0d6037360185799e323454ea7a215cba61cf_patch/equal_file_patch/5f4fe230a.patch,3,94,3,0,0,0,242,116,126,0,0,0,28,14,14,516,254,262,324,156,168,264,132,132,48,24,24,50,47,46,124,113,121
298,./sourcecode1022/2017/CVE-2017-11858/sagarpant1%ChakraCore/master/b54e0d6037360185799e323454ea7a215cba61cf_patch/equal_file_patch/61b8b2288.patch,3,138,4,2,0,2,330,150,180,0,0,0,30,14,16,728,314,414,558,222,336,386,186,200,52,26,26,88,70,81,193,130,190
299,./sourcecode1022/2017/CVE-2017-11858/sagarpant1%ChakraCore/master/b54e0d6037360185799e323454ea7a215cba61cf_patch/equal_file_patch/b45b70bd9.patch,3,130,4,2,0,2,278,130,148,0,0,0,30,14,16,688,314,374,474,218,256,346,168,178,48,24,24,80,69,75,180,127,177
300,./sourcecode1022/2017/CVE-2017-11858/sagarpant1%ChakraCore/master/b54e0d6037360185799e323454ea7a215cba61cf_patch/equal_file_patch/939ab7453.patch,3,128,4,2,0,2,266,124,142,0,0,0,30,14,16,678,308,370,460,210,250,336,162,174,48,24,24,78,67,74,178,125,175
301,./sourcecode1022/2017/CVE-2017-11858/sagarpant1%ChakraCore/master/fffb4e24bec4ed35aca1c0f5fc87030beafdf055_patch/equal_file_patch/eb207594e.patch,3,128,4,2,0,2,268,124,144,0,0,0,30,14,16,678,308,370,460,210,250,338,162,176,48,24,24,78,67,74,178,125,175
302,./sourcecode1022/2017/CVE-2017-11858/sagarpant1%ChakraCore/master/fffb4e24bec4ed35aca1c0f5fc87030beafdf055_patch/equal_file_patch/c0ae3d327.patch,3,138,4,2,0,2,330,150,180,0,0,0,30,14,16,728,314,414,558,222,336,386,186,200,52,26,26,88,70,81,193,130,190
303,./sourcecode1022/2017/CVE-2017-11858/sagarpant1%ChakraCore/master/fffb4e24bec4ed35aca1c0f5fc87030beafdf055_patch/equal_file_patch/215b215fb.patch,3,86,3,0,0,0,238,116,122,0,0,0,28,14,14,510,254,256,324,156,168,248,126,122,48,24,24,48,46,45,114,112,111
304,./sourcecode1022/2017/CVE-2017-11858/sagarpant1%ChakraCore/master/fffb4e24bec4ed35aca1c0f5fc87030beafdf055_patch/equal_file_patch/d28eb4af7.patch,3,128,4,2,0,2,268,124,144,0,0,0,30,14,16,678,308,370,460,210,250,338,162,176,48,24,24,78,67,74,178,125,175
305,./sourcecode1022/2017/CVE-2017-11858/sagarpant1%ChakraCore/master/fffb4e24bec4ed35aca1c0f5fc87030beafdf055_patch/equal_file_patch/2d15da5f2.patch,3,86,3,0,0,0,238,116,122,0,0,0,28,14,14,510,254,256,324,156,168,248,126,122,48,24,24,48,46,45,114,112,111
306,./sourcecode1022/2017/CVE-2017-11858/sagarpant1%ChakraCore/master/fffb4e24bec4ed35aca1c0f5fc87030beafdf055_patch/equal_file_patch/4b72289bf.patch,3,130,4,2,0,2,278,130,148,0,0,0,30,14,16,688,314,374,474,218,256,346,168,178,48,24,24,80,69,75,180,127,177
307,./sourcecode1022/2017/CVE-2017-12804/jsummers%imageworsener/master/bb321cfff3b1_patch/equal_file_patch/216cb581ae53.patch,2,6,3,9,3,6,9,4,5,7,3,4,0,0,0,5,0,5,3,0,3,8,3,5,4,2,2,4,3,4,24,8,24
308,./sourcecode1022/2017/CVE-2017-12804/jsummers%imageworsener/master/bb321cfff3b1_patch/equal_file_patch/9df77f9.patch,4,7,4,10,3,7,9,4,5,7,3,4,0,0,0,5,0,5,3,0,3,8,3,5,4,2,2,4,3,4,24,8,24
309,./sourcecode1022/2017/CVE-2017-12804/jsummers%imageworsener/master/bb321cfff3b1_patch/equal_file_patch/a883f82.patch,3,7,4,10,3,7,9,4,5,7,3,4,0,0,0,5,0,5,3,0,3,8,3,5,4,2,2,4,3,4,24,8,24
310,./sourcecode1022/2017/CVE-2017-12804/jsummers%imageworsener/master/bb321cfff3b1_patch/equal_file_patch/e2f7490.patch,4,7,4,10,3,7,9,4,5,7,3,4,0,0,0,5,0,5,3,0,3,8,3,5,4,2,2,4,3,4,24,8,24
311,./sourcecode1022/2017/CVE-2017-12804/jsummers%imageworsener/master/bb321cfff3b1_patch/equal_file_patch/bb321cfff3b1.patch,2,4,3,6,2,4,7,3,4,7,3,4,0,0,0,0,0,0,1,0,1,8,3,5,4,2,2,3,2,3,13,6,13
312,./sourcecode1022/2017/CVE-2017-12804/jsummers%imageworsener/master/bb321cfff3b1_patch/equal_file_patch/ed9d0a36b7c1.patch,1,6,3,9,3,6,9,4,5,7,3,4,0,0,0,5,0,5,3,0,3,8,3,5,4,2,2,4,3,4,24,8,24
313,./sourcecode1022/2017/CVE-2017-12804/jsummers%imageworsener/master/f9c12fa89a7f_patch/equal_file_patch/e2f7490.patch,4,9,5,10,3,7,15,5,10,8,3,5,0,0,0,6,0,6,7,0,7,12,3,9,4,2,2,4,3,4,33,8,33
314,./sourcecode1022/2017/CVE-2017-12804/jsummers%imageworsener/master/f9c12fa89a7f_patch/equal_file_patch/a883f82.patch,3,9,5,10,3,7,15,5,10,8,3,5,0,0,0,6,0,6,7,0,7,12,3,9,4,2,2,4,3,4,33,8,33
315,./sourcecode1022/2017/CVE-2017-12804/jsummers%imageworsener/master/f9c12fa89a7f_patch/equal_file_patch/e9e32ab.patch,3,9,5,10,3,7,15,5,10,8,3,5,0,0,0,6,0,6,7,0,7,12,3,9,4,2,2,4,3,4,33,8,33
316,./sourcecode1022/2017/CVE-2017-12804/jsummers%imageworsener/master/f9c12fa89a7f_patch/equal_file_patch/ed9d0a36b7c1.patch,2,3,2,1,0,1,6,1,5,1,0,1,0,0,0,1,0,1,4,0,4,4,0,4,0,0,0,2,0,2,14,0,14
317,./sourcecode1022/2017/CVE-2017-12804/jsummers%imageworsener/master/f9c12fa89a7f_patch/equal_file_patch/f9c12fa89a7f.patch,2,2,2,0,0,0,6,1,5,1,0,1,0,0,0,1,0,1,4,0,4,4,0,4,0,0,0,1,0,1,13,0,13
318,./sourcecode1022/2017/CVE-2017-12804/jsummers%imageworsener/master/f9c12fa89a7f_patch/equal_file_patch/9df77f9.patch,4,9,5,10,3,7,15,5,10,8,3,5,0,0,0,6,0,6,7,0,7,12,3,9,4,2,2,4,3,4,33,8,33
319,./sourcecode1022/2017/CVE-2017-14531/ImageMagick%ImageMagick/main/e13c30445456_patch/equal_file_patch/cf4ac94ca.patch,2,52,1,0,0,0,38,18,20,0,0,0,0,0,0,212,132,80,100,62,38,34,16,18,16,8,8,15,6,14,39,33,31
320,./sourcecode1022/2017/CVE-2017-14531/ImageMagick%ImageMagick/main/e13c30445456_patch/equal_file_patch/291a5f734.patch,2,102,1,20,8,12,154,62,92,16,6,10,4,2,2,504,264,240,312,154,158,290,106,184,24,12,12,29,12,27,94,72,72
321,./sourcecode1022/2017/CVE-2017-14531/ImageMagick%ImageMagick/main/e13c30445456_patch/equal_file_patch/44f7c9c8e.patch,2,52,1,0,0,0,38,18,20,0,0,0,0,0,0,212,132,80,100,62,38,34,16,18,16,8,8,15,6,14,39,33,31
322,./sourcecode1022/2017/CVE-2017-14531/ImageMagick%ImageMagick/main/e13c30445456_patch/equal_file_patch/72f87f8eb.patch,2,52,1,0,0,0,38,18,20,0,0,0,0,0,0,212,132,80,100,62,38,34,16,18,16,8,8,15,6,14,39,33,31
323,./sourcecode1022/2017/CVE-2017-14531/ImageMagick%ImageMagick/main/e13c30445456_patch/equal_file_patch/d42fab6b6.patch,2,52,1,0,0,0,38,18,20,0,0,0,0,0,0,212,132,80,100,62,38,34,16,18,16,8,8,15,6,14,39,33,31
324,./sourcecode1022/2017/CVE-2017-14531/ImageMagick%ImageMagick/main/e13c30445456_patch/equal_file_patch/d12a37d4b.patch,2,52,1,0,0,0,38,18,20,0,0,0,0,0,0,212,132,80,100,62,38,34,16,18,16,8,8,15,6,14,39,33,31
325,./sourcecode1022/2017/CVE-2017-15116/torvalds%linux/master/44d21c3f3a2e_patch/equal_file_patch/81ff5d2cba4f.patch,4,64,4,16,8,8,36,20,16,40,24,16,0,0,0,360,200,160,172,104,68,80,44,36,36,16,20,20,11,13,77,63,56
326,./sourcecode1022/2017/CVE-2017-15116/torvalds%linux/master/44d21c3f3a2e_patch/equal_file_patch/5c947d0dbae8.patch,4,56,4,24,8,16,56,20,36,44,24,20,0,0,0,372,200,172,176,104,72,104,48,56,36,16,20,23,12,15,81,63,61
327,./sourcecode1022/2017/CVE-2017-15116/torvalds%linux/master/44d21c3f3a2e_patch/equal_file_patch/5a0387a8a8ef.patch,4,56,4,16,8,8,36,20,16,40,24,16,0,0,0,352,192,160,168,100,68,80,44,36,36,16,20,18,10,12,74,60,55
328,./sourcecode1022/2017/CVE-2017-15116/torvalds%linux/master/44d21c3f3a2e_patch/equal_file_patch/dafa5f6577a9.patch,4,56,4,16,8,8,36,20,16,40,24,16,0,0,0,352,192,160,168,100,68,80,44,36,36,16,20,18,10,12,74,60,55
329,./sourcecode1022/2017/CVE-2017-15116/torvalds%linux/master/44d21c3f3a2e_patch/equal_file_patch/37dc79565c4b.patch,4,56,4,16,8,8,36,20,16,40,24,16,0,0,0,352,192,160,168,100,68,80,44,36,36,16,20,18,10,12,74,60,55
330,./sourcecode1022/2017/CVE-2017-15116/torvalds%linux/master/44d21c3f3a2e_patch/equal_file_patch/d0aab7d4e93e.patch,4,56,4,16,8,8,36,20,16,40,24,16,0,0,0,352,192,160,168,100,68,80,44,36,36,16,20,18,10,12,74,60,55
331,./sourcecode1022/2017/CVE-2017-18241/torvalds%linux/master/5cdd4c046864_patch/equal_file_patch/6abaa83c7352.patch,9,90,2,18,9,9,81,27,54,36,0,36,0,0,0,171,54,117,90,27,63,54,27,27,27,9,18,12,6,10,19,13,15
332,./sourcecode1022/2017/CVE-2017-18241/torvalds%linux/master/5cdd4c046864_patch/equal_file_patch/9ab97aea85cc.patch,9,81,2,36,18,18,54,18,36,27,0,27,0,0,0,180,54,126,99,27,72,36,18,18,27,9,18,12,7,9,19,12,16
333,./sourcecode1022/2017/CVE-2017-18241/torvalds%linux/master/5cdd4c046864_patch/equal_file_patch/c013d0af81f6.patch,9,90,2,18,9,9,81,27,54,36,0,36,0,0,0,171,54,117,90,27,63,54,27,27,27,9,18,12,6,10,19,13,15
334,./sourcecode1022/2017/CVE-2017-18241/torvalds%linux/master/5cdd4c046864_patch/equal_file_patch/ef510682af3d.patch,9,90,2,18,9,9,81,27,54,36,0,36,0,0,0,171,54,117,90,27,63,54,27,27,27,9,18,12,6,10,19,13,15
335,./sourcecode1022/2017/CVE-2017-18241/torvalds%linux/master/5cdd4c046864_patch/equal_file_patch/5160bcce5c3c.patch,9,81,2,36,18,18,54,18,36,27,0,27,0,0,0,180,54,126,99,27,72,36,18,18,27,9,18,12,7,9,19,12,16
336,./sourcecode1022/2017/CVE-2017-18241/torvalds%linux/master/5cdd4c046864_patch/equal_file_patch/5cdd4c046864.patch,18,27,2,0,0,0,45,18,27,18,0,18,0,0,0,27,9,18,27,9,18,36,18,18,0,0,0,2,2,2,6,3,6
337,./sourcecode1022/2017/CVE-2017-8069/torvalds%linux/master/c9194b99ae18_patch/equal_file_patch/c9194b99ae18.patch,6,34,5,0,0,0,0,0,0,8,4,4,0,0,0,56,28,28,56,28,28,12,12,0,48,24,24,6,3,3,6,6,5
338,./sourcecode1022/2017/CVE-2017-8069/torvalds%linux/master/c9194b99ae18_patch/equal_file_patch/2dc26d98cfdf.patch,6,56,5,0,0,0,18,6,12,10,6,4,0,0,0,154,40,114,112,40,72,24,16,8,60,32,28,9,6,3,55,28,44
339,./sourcecode1022/2017/CVE-2017-8069/torvalds%linux/master/c9194b99ae18_patch/equal_file_patch/bf36c6b946c8.patch,6,56,5,0,0,0,18,6,12,10,6,4,0,0,0,118,40,78,94,40,54,24,16,8,60,32,28,9,6,3,39,28,28
340,./sourcecode1022/2017/CVE-2017-8069/torvalds%linux/master/c9194b99ae18_patch/equal_file_patch/15d90b242290.patch,6,48,5,0,0,0,16,4,12,8,4,4,0,0,0,80,32,48,74,34,40,16,14,2,48,24,24,6,3,3,16,14,14
341,./sourcecode1022/2017/CVE-2017-8069/torvalds%linux/master/c9194b99ae18_patch/equal_file_patch/20df15783a44.patch,6,48,5,0,0,0,16,4,12,8,4,4,0,0,0,80,32,48,74,34,40,16,14,2,48,24,24,6,3,3,16,14,14
342,./sourcecode1022/2017/CVE-2017-8069/torvalds%linux/master/c9194b99ae18_patch/equal_file_patch/efdd17f89510.patch,6,48,5,0,0,0,16,4,12,8,4,4,0,0,0,80,32,48,74,34,40,16,14,2,48,24,24,6,3,3,16,14,14
343,./sourcecode1022/2017/CVE-2017-8069/torvalds%linux/master/1882e562d37c_patch/equal_file_patch/0af5cb349a2c.patch,5,39,7,10,2,8,50,14,36,31,10,21,2,0,2,137,26,111,61,15,46,25,8,17,16,9,7,23,10,17,123,49,112
344,./sourcecode1022/2017/CVE-2017-8069/torvalds%linux/master/1882e562d37c_patch/equal_file_patch/331da109ec20.patch,1,9,2,0,0,0,17,7,10,10,5,5,0,0,0,23,10,13,2,0,2,8,4,4,4,2,2,7,5,6,13,10,12
345,./sourcecode1022/2017/CVE-2017-8069/torvalds%linux/master/1882e562d37c_patch/equal_file_patch/1882e562d37c.patch,2,9,2,0,0,0,17,7,10,10,5,5,0,0,0,23,10,13,2,0,2,8,4,4,4,2,2,7,5,6,13,10,12
346,./sourcecode1022/2017/CVE-2017-8069/torvalds%linux/master/1882e562d37c_patch/equal_file_patch/a111daf0c53a.patch,5,39,7,10,2,8,50,14,36,31,10,21,2,0,2,137,26,111,61,15,46,25,8,17,16,9,7,23,10,17,123,49,112
347,./sourcecode1022/2017/CVE-2017-8782/libming%libming/master/cb81b4dd2edc_patch/equal_file_patch/e9b3f7bf.patch,1,4,1,4,0,4,28,1,27,9,0,9,4,0,4,62,4,58,8,1,7,6,0,6,11,0,11,11,1,10,34,11,34
348,./sourcecode1022/2017/CVE-2017-8782/libming%libming/master/cb81b4dd2edc_patch/equal_file_patch/6a7e1f70.patch,1,4,1,4,0,4,28,1,27,9,0,9,4,0,4,62,4,58,8,1,7,6,0,6,11,0,11,11,1,10,34,11,34
349,./sourcecode1022/2017/CVE-2017-8782/libming%libming/master/cb81b4dd2edc_patch/equal_file_patch/c0e5aff3.patch,1,4,1,4,0,4,28,1,27,9,0,9,4,0,4,62,4,58,8,1,7,6,0,6,11,0,11,11,1,10,34,11,34
350,./sourcecode1022/2017/CVE-2017-8782/libming%libming/master/cb81b4dd2edc_patch/equal_file_patch/652bb275.patch,1,4,1,4,0,4,28,1,27,9,0,9,4,0,4,62,4,58,8,1,7,6,0,6,11,0,11,11,1,10,34,11,34
351,./sourcecode1022/2017/CVE-2017-8782/libming%libming/master/cb81b4dd2edc_patch/equal_file_patch/c7939250.patch,1,4,1,4,0,4,8,1,7,1,0,1,1,0,1,33,4,29,4,1,3,3,0,3,0,0,0,7,1,6,22,11,21
352,./sourcecode1022/2017/CVE-2017-8782/libming%libming/master/cb81b4dd2edc_patch/equal_file_patch/e9bc5c20.patch,1,4,1,4,0,4,28,1,27,9,0,9,4,0,4,62,4,58,8,1,7,6,0,6,11,0,11,11,1,10,34,11,34
353,./sourcecode1022/2017/CVE-2017-8890/torvalds%linux/master/4ac4d584886a_patch/equal_file_patch/5bbcc0f595fa.patch,1,11,1,20,8,12,6,3,3,0,0,0,0,0,0,36,13,23,21,9,12,1,0,1,5,2,3,6,3,4,33,20,26
354,./sourcecode1022/2017/CVE-2017-8890/torvalds%linux/master/4ac4d584886a_patch/equal_file_patch/b2fe5fa68642.patch,1,11,1,20,8,12,6,3,3,0,0,0,0,0,0,36,13,23,21,9,12,1,0,1,5,2,3,6,3,4,33,20,26
355,./sourcecode1022/2017/CVE-2017-8890/torvalds%linux/master/4ac4d584886a_patch/equal_file_patch/a111daf0c53a.patch,1,12,2,154,85,69,26,13,13,1,0,1,0,0,0,300,165,135,171,93,78,2,0,2,10,5,5,30,22,25,113,101,85
356,./sourcecode1022/2017/CVE-2017-8890/torvalds%linux/master/4ac4d584886a_patch/equal_file_patch/1c8c5a9d38f6.patch,1,12,2,20,8,12,6,3,3,0,0,0,0,0,0,37,13,24,21,9,12,1,0,1,5,2,3,6,3,4,35,21,28
357,./sourcecode1022/2017/CVE-2017-8890/torvalds%linux/master/4ac4d584886a_patch/equal_file_patch/5518b69b7668.patch,1,5,1,9,4,5,4,1,3,0,0,0,0,0,0,17,8,9,10,5,5,0,0,0,4,2,2,1,1,1,18,15,13
358,./sourcecode1022/2017/CVE-2017-8890/torvalds%linux/master/4ac4d584886a_patch/equal_file_patch/02dc96ef6c25.patch,1,12,2,155,85,70,26,13,13,1,0,1,0,0,0,303,165,138,171,93,78,2,0,2,10,5,5,25,22,21,111,101,83
359,./sourcecode1022/2017/CVE-2017-9206/jsummers%imageworsener/master/54d5400335fa_patch/equal_file_patch/a883f82.patch,1,12,4,0,0,0,36,11,25,4,2,2,0,0,0,70,45,25,40,29,11,6,2,4,13,12,1,4,2,2,22,19,21
360,./sourcecode1022/2017/CVE-2017-9206/jsummers%imageworsener/master/54d5400335fa_patch/equal_file_patch/b2d6e547d281.patch,1,10,4,0,0,0,6,3,3,0,0,0,0,0,0,82,41,41,46,23,23,0,0,0,24,12,12,2,2,2,20,17,19
361,./sourcecode1022/2017/CVE-2017-9206/jsummers%imageworsener/master/54d5400335fa_patch/equal_file_patch/12e7276d32f8.patch,1,10,4,0,0,0,6,3,3,0,0,0,0,0,0,82,41,41,46,23,23,0,0,0,24,12,12,2,2,2,20,17,19
362,./sourcecode1022/2017/CVE-2017-9206/jsummers%imageworsener/master/54d5400335fa_patch/equal_file_patch/59d49278f8e3.patch,1,10,4,0,0,0,6,3,3,0,0,0,0,0,0,82,41,41,46,23,23,0,0,0,24,12,12,2,2,2,20,17,19
363,./sourcecode1022/2017/CVE-2017-9206/jsummers%imageworsener/master/54d5400335fa_patch/equal_file_patch/4500070.patch,1,10,4,0,0,0,6,3,3,0,0,0,0,0,0,82,41,41,46,23,23,0,0,0,24,12,12,2,2,2,20,17,19
364,./sourcecode1022/2017/CVE-2017-9206/jsummers%imageworsener/master/54d5400335fa_patch/equal_file_patch/e2f7490.patch,1,10,4,0,0,0,6,3,3,0,0,0,0,0,0,82,41,41,46,23,23,0,0,0,24,12,12,2,2,2,20,17,19
365,./sourcecode1022/2017/CVE-2017-9605/torvalds%linux/master/6107cc58f33c_patch/equal_file_patch/f365ab31efac.patch,8,48,1,0,0,0,128,40,88,24,8,16,0,0,0,528,192,336,416,168,248,120,40,80,200,80,120,14,5,10,39,33,36
366,./sourcecode1022/2017/CVE-2017-9605/torvalds%linux/master/6107cc58f33c_patch/equal_file_patch/13bc32bad705.patch,8,64,1,0,0,0,8,0,8,0,0,0,0,0,0,360,224,136,168,88,80,40,16,24,48,32,16,6,4,3,37,31,23
367,./sourcecode1022/2017/CVE-2017-9605/torvalds%linux/master/6107cc58f33c_patch/equal_file_patch/a24deb9d68b4.patch,8,48,1,0,0,0,128,40,88,24,8,16,0,0,0,528,192,336,416,168,248,120,40,80,200,80,120,14,5,10,39,33,36
368,./sourcecode1022/2017/CVE-2017-9605/torvalds%linux/master/6107cc58f33c_patch/equal_file_patch/e058a84bfddc.patch,8,56,1,0,0,0,0,0,0,0,0,0,0,0,0,312,200,112,136,80,56,24,8,16,40,32,8,4,3,2,31,27,20
369,./sourcecode1022/2017/CVE-2017-9605/torvalds%linux/master/6107cc58f33c_patch/equal_file_patch/af3c8d98508d.patch,8,24,1,0,0,0,48,16,32,24,8,16,0,0,0,152,56,96,120,48,72,40,16,24,16,8,8,2,2,2,22,18,22
370,./sourcecode1022/2017/CVE-2017-9605/torvalds%linux/master/6107cc58f33c_patch/equal_file_patch/a111daf0c53a.patch,8,64,1,0,0,0,8,0,8,0,0,0,0,0,0,360,224,136,168,88,80,40,16,24,48,32,16,6,4,3,37,31,23
371,./sourcecode1022/2018/CVE-2018-10675/torvalds%linux/master/58d4e450a490_patch/equal_file_patch/a111daf0c53a.patch,14,154,1,14,14,0,168,84,84,56,28,28,0,0,0,518,294,224,168,126,42,56,28,28,140,98,42,25,16,15,26,22,21
372,./sourcecode1022/2018/CVE-2018-10675/torvalds%linux/master/58d4e450a490_patch/equal_file_patch/0af5cb349a2c.patch,14,154,1,14,14,0,168,84,84,56,28,28,0,0,0,518,294,224,168,126,42,56,28,28,140,98,42,25,16,15,26,22,21
373,./sourcecode1022/2018/CVE-2018-1094/torvalds%linux/master/3e968c9f1401_patch/equal_file_patch/a111daf0c53a.patch,2,70,2,10,5,5,133,62,71,40,14,26,7,3,4,386,170,216,226,92,134,123,65,58,43,23,20,86,48,56,300,185,214
374,./sourcecode1022/2018/CVE-2018-1094/torvalds%linux/master/3e968c9f1401_patch/equal_file_patch/0af5cb349a2c.patch,2,70,2,10,5,5,135,63,72,40,14,26,7,3,4,388,171,217,228,93,135,125,66,59,43,23,20,86,49,56,302,187,216
375,./sourcecode1022/2018/CVE-2018-10972/FLIF-hub%FLIF/master/711b3d504bcc_patch/equal_file_patch/862e5c5.patch,5,132,7,4,0,4,650,173,477,157,40,117,131,31,100,1166,382,784,227,69,158,482,119,363,99,40,59,96,46,90,607,275,567
376,./sourcecode1022/2018/CVE-2018-10972/FLIF-hub%FLIF/master/711b3d504bcc_patch/equal_file_patch/a3ae347.patch,3,53,7,4,0,4,130,49,81,24,8,16,19,8,11,252,102,150,41,12,29,107,40,67,57,30,27,23,12,23,195,130,184
377,./sourcecode1022/2018/CVE-2018-10972/FLIF-hub%FLIF/master/711b3d504bcc_patch/equal_file_patch/dc45fb2.patch,5,129,8,4,0,4,628,173,455,161,40,121,131,31,100,1127,382,745,224,69,155,461,119,342,99,40,59,94,46,88,572,275,531
378,./sourcecode1022/2018/CVE-2018-10972/FLIF-hub%FLIF/master/711b3d504bcc_patch/equal_file_patch/803c234.patch,5,129,8,4,0,4,643,173,470,163,40,123,131,31,100,1143,382,761,225,69,156,476,119,357,99,40,59,95,46,89,595,275,555
379,./sourcecode1022/2018/CVE-2018-10972/FLIF-hub%FLIF/master/711b3d504bcc_patch/equal_file_patch/46ed68a.patch,5,110,8,4,0,4,527,171,356,129,38,91,116,30,86,956,359,597,192,65,127,368,113,255,97,40,57,82,39,76,510,261,469
380,./sourcecode1022/2018/CVE-2018-10972/FLIF-hub%FLIF/master/711b3d504bcc_patch/equal_file_patch/6c933aa.patch,5,96,9,4,0,4,369,116,253,94,30,64,102,25,77,827,269,558,141,40,101,321,87,234,77,36,41,71,34,68,470,245,437
381,./sourcecode1022/2018/CVE-2018-14463/the-tcpdump-group%tcpdump/coverity_scan/0b661e0aa61850234b64394585cf577aac570bf4_patch/equal_file_patch/5b7fbea3.patch,1,29,2,0,0,0,8,4,4,0,0,0,0,0,0,346,171,175,12,6,6,26,13,13,0,0,0,16,8,12,98,95,93
382,./sourcecode1022/2018/CVE-2018-14463/the-tcpdump-group%tcpdump/coverity_scan/0b661e0aa61850234b64394585cf577aac570bf4_patch/equal_file_patch/72a3d5e7.patch,1,29,2,0,0,0,8,4,4,0,0,0,0,0,0,346,171,175,12,6,6,26,13,13,0,0,0,16,8,12,98,95,93
383,./sourcecode1022/2018/CVE-2018-14463/the-tcpdump-group%tcpdump/coverity_scan/0b661e0aa61850234b64394585cf577aac570bf4_patch/equal_file_patch/89fc495c.patch,1,29,2,0,0,0,8,4,4,0,0,0,0,0,0,346,171,175,12,6,6,26,13,13,0,0,0,16,8,12,98,95,93
384,./sourcecode1022/2018/CVE-2018-14463/the-tcpdump-group%tcpdump/coverity_scan/0b661e0aa61850234b64394585cf577aac570bf4_patch/equal_file_patch/496fb016.patch,1,27,2,0,0,0,8,4,4,0,0,0,0,0,0,342,169,173,12,6,6,26,13,13,0,0,0,15,8,12,96,93,91
385,./sourcecode1022/2018/CVE-2018-14463/the-tcpdump-group%tcpdump/coverity_scan/0b661e0aa61850234b64394585cf577aac570bf4_patch/equal_file_patch/5ff873f0.patch,1,29,2,0,0,0,8,4,4,0,0,0,0,0,0,346,171,175,12,6,6,26,13,13,0,0,0,16,8,12,98,95,93
386,./sourcecode1022/2018/CVE-2018-14463/the-tcpdump-group%tcpdump/coverity_scan/0b661e0aa61850234b64394585cf577aac570bf4_patch/equal_file_patch/7eb602af.patch,1,29,2,0,0,0,8,4,4,0,0,0,0,0,0,346,171,175,12,6,6,26,13,13,0,0,0,16,8,12,98,95,93
387,./sourcecode1022/2018/CVE-2018-14463/the-tcpdump-group%tcpdump/coverity_scan/3de07c772166b7e8e8bb4b9d1d078f1d901b570b_patch/equal_file_patch/d9ed0221.patch,1,27,2,0,0,0,8,4,4,0,0,0,0,0,0,342,169,173,12,6,6,26,13,13,0,0,0,15,8,12,96,93,91
388,./sourcecode1022/2018/CVE-2018-14463/the-tcpdump-group%tcpdump/coverity_scan/3de07c772166b7e8e8bb4b9d1d078f1d901b570b_patch/equal_file_patch/b0b726f4.patch,1,29,2,0,0,0,8,4,4,0,0,0,0,0,0,346,171,175,12,6,6,26,13,13,0,0,0,16,8,12,98,95,93
389,./sourcecode1022/2018/CVE-2018-14463/the-tcpdump-group%tcpdump/coverity_scan/3de07c772166b7e8e8bb4b9d1d078f1d901b570b_patch/equal_file_patch/28baf963.patch,1,29,2,0,0,0,8,4,4,0,0,0,0,0,0,346,171,175,12,6,6,26,13,13,0,0,0,16,8,12,98,95,93
390,./sourcecode1022/2018/CVE-2018-14463/the-tcpdump-group%tcpdump/coverity_scan/3de07c772166b7e8e8bb4b9d1d078f1d901b570b_patch/equal_file_patch/627051ec.patch,1,27,2,0,0,0,8,4,4,0,0,0,0,0,0,342,169,173,12,6,6,26,13,13,0,0,0,15,8,12,96,93,91
391,./sourcecode1022/2018/CVE-2018-14463/the-tcpdump-group%tcpdump/coverity_scan/3de07c772166b7e8e8bb4b9d1d078f1d901b570b_patch/equal_file_patch/3435ef98.patch,1,29,2,0,0,0,8,4,4,0,0,0,0,0,0,346,171,175,12,6,6,26,13,13,0,0,0,16,8,12,98,95,93
392,./sourcecode1022/2018/CVE-2018-14463/the-tcpdump-group%tcpdump/coverity_scan/3de07c772166b7e8e8bb4b9d1d078f1d901b570b_patch/equal_file_patch/2ac0770c.patch,1,27,2,0,0,0,8,4,4,0,0,0,0,0,0,342,169,173,12,6,6,26,13,13,0,0,0,15,8,12,96,93,91
393,./sourcecode1022/2018/CVE-2018-14463/the-tcpdump-group%tcpdump/coverity_scan/96480ab95308cd9234b4f09b175ebf60e17792c6_patch/equal_file_patch/d9ed0221.patch,1,27,2,0,0,0,8,4,4,0,0,0,0,0,0,342,169,173,12,6,6,26,13,13,0,0,0,15,8,12,96,93,91
394,./sourcecode1022/2018/CVE-2018-14463/the-tcpdump-group%tcpdump/coverity_scan/96480ab95308cd9234b4f09b175ebf60e17792c6_patch/equal_file_patch/b510ee04.patch,1,29,2,0,0,0,8,4,4,0,0,0,0,0,0,346,171,175,12,6,6,26,13,13,0,0,0,16,8,12,98,95,93
395,./sourcecode1022/2018/CVE-2018-14463/the-tcpdump-group%tcpdump/coverity_scan/96480ab95308cd9234b4f09b175ebf60e17792c6_patch/equal_file_patch/85cbad2e.patch,1,27,2,0,0,0,8,4,4,0,0,0,0,0,0,342,169,173,12,6,6,26,13,13,0,0,0,15,8,12,96,93,91
396,./sourcecode1022/2018/CVE-2018-14463/the-tcpdump-group%tcpdump/coverity_scan/96480ab95308cd9234b4f09b175ebf60e17792c6_patch/equal_file_patch/3ed92cd0.patch,1,29,2,0,0,0,8,4,4,0,0,0,0,0,0,346,171,175,12,6,6,26,13,13,0,0,0,16,8,12,98,95,93
397,./sourcecode1022/2018/CVE-2018-14463/the-tcpdump-group%tcpdump/coverity_scan/96480ab95308cd9234b4f09b175ebf60e17792c6_patch/equal_file_patch/0c4c8c78.patch,1,27,2,0,0,0,8,4,4,0,0,0,0,0,0,342,169,173,12,6,6,26,13,13,0,0,0,15,8,12,96,93,91
398,./sourcecode1022/2018/CVE-2018-14463/the-tcpdump-group%tcpdump/coverity_scan/96480ab95308cd9234b4f09b175ebf60e17792c6_patch/equal_file_patch/ef53a557.patch,1,27,2,0,0,0,8,4,4,0,0,0,0,0,0,342,169,173,12,6,6,26,13,13,0,0,0,15,8,12,96,93,91
399,./sourcecode1022/2018/CVE-2018-14551/ImageMagick%ImageMagick6/main/db7a4be59232_patch/equal_file_patch/6fb59a954.patch,8,8,1,0,0,0,0,0,0,0,0,0,0,0,0,8,0,8,0,0,0,0,0,0,0,0,0,0,0,0,2,0,2
400,./sourcecode1022/2018/CVE-2018-14551/ImageMagick%ImageMagick6/main/db7a4be59232_patch/equal_file_patch/03e6e1645.patch,6,16,1,0,0,0,24,0,24,8,0,8,0,0,0,64,0,64,64,0,64,8,0,8,0,0,0,0,0,0,10,0,10
401,./sourcecode1022/2018/CVE-2018-14551/ImageMagick%ImageMagick6/main/db7a4be59232_patch/equal_file_patch/f49d606db.patch,6,48,1,0,0,0,24,0,24,8,0,8,0,0,0,64,0,64,64,0,64,8,0,8,0,0,0,0,0,0,14,4,13
402,./sourcecode1022/2018/CVE-2018-14551/ImageMagick%ImageMagick6/main/db7a4be59232_patch/equal_file_patch/1dc463eb5.patch,6,32,1,0,0,0,24,0,24,8,0,8,0,0,0,64,0,64,64,0,64,8,0,8,0,0,0,0,0,0,12,2,12
403,./sourcecode1022/2018/CVE-2018-14551/ImageMagick%ImageMagick6/main/db7a4be59232_patch/equal_file_patch/c478579a2.patch,6,48,1,0,0,0,24,0,24,8,0,8,0,0,0,64,0,64,64,0,64,8,0,8,0,0,0,0,0,0,14,4,13
404,./sourcecode1022/2018/CVE-2018-14551/ImageMagick%ImageMagick6/main/db7a4be59232_patch/equal_file_patch/5721e3d41.patch,6,16,1,0,0,0,24,0,24,8,0,8,0,0,0,64,0,64,64,0,64,8,0,8,0,0,0,0,0,0,10,0,10
405,./sourcecode1022/2018/CVE-2018-15862/xkbcommon%libxkbcommon/master/a3e110d605c4_patch/equal_file_patch/dcb6c7b.patch,1,1,1,0,0,0,1,0,1,1,0,1,0,0,0,0,0,0,0,0,0,1,0,1,0,0,0,0,0,0,1,0,1
406,./sourcecode1022/2018/CVE-2018-15862/xkbcommon%libxkbcommon/master/a3e110d605c4_patch/equal_file_patch/57af9cb.patch,1,1,1,0,0,0,1,0,1,1,0,1,0,0,0,0,0,0,0,0,0,1,0,1,0,0,0,0,0,0,1,0,1
407,./sourcecode1022/2018/CVE-2018-15862/xkbcommon%libxkbcommon/master/a3e110d605c4_patch/equal_file_patch/928771e.patch,1,1,1,0,0,0,1,0,1,1,0,1,0,0,0,0,0,0,0,0,0,1,0,1,0,0,0,0,0,0,1,0,1
408,./sourcecode1022/2018/CVE-2018-15862/xkbcommon%libxkbcommon/master/a3e110d605c4_patch/equal_file_patch/314b648.patch,1,1,1,0,0,0,1,0,1,1,0,1,0,0,0,0,0,0,0,0,0,1,0,1,0,0,0,0,0,0,1,0,1
409,./sourcecode1022/2018/CVE-2018-15862/xkbcommon%libxkbcommon/master/a3e110d605c4_patch/equal_file_patch/5cd76a8.patch,1,1,1,0,0,0,1,0,1,1,0,1,0,0,0,0,0,0,0,0,0,1,0,1,0,0,0,0,0,0,1,0,1
410,./sourcecode1022/2018/CVE-2018-15862/xkbcommon%libxkbcommon/master/a3e110d605c4_patch/equal_file_patch/90ece8f.patch,1,1,1,0,0,0,1,0,1,1,0,1,0,0,0,0,0,0,0,0,0,1,0,1,0,0,0,0,0,0,1,0,1
411,./sourcecode1022/2018/CVE-2018-15911/ArtifexSoftware%ghostpdl/chameleon/a054156d425b_patch/equal_file_patch/2118711d1.patch,2,1,1,0,0,0,0,0,0,0,0,0,0,0,0,2,0,2,0,0,0,1,0,1,0,0,0,1,0,1,4,0,4
412,./sourcecode1022/2018/CVE-2018-15911/ArtifexSoftware%ghostpdl/chameleon/a054156d425b_patch/equal_file_patch/3e5d316b7.patch,2,1,1,0,0,0,0,0,0,0,0,0,0,0,0,2,0,2,0,0,0,1,0,1,0,0,0,1,0,1,4,0,4
413,./sourcecode1022/2018/CVE-2018-15911/ArtifexSoftware%ghostpdl/chameleon/a054156d425b_patch/equal_file_patch/5812b1b78.patch,2,1,1,0,0,0,0,0,0,0,0,0,0,0,0,2,0,2,0,0,0,1,0,1,0,0,0,1,0,1,4,0,4
414,./sourcecode1022/2018/CVE-2018-15911/ArtifexSoftware%ghostpdl/chameleon/a054156d425b_patch/equal_file_patch/43ceaeca8.patch,2,1,1,0,0,0,0,0,0,0,0,0,0,0,0,2,0,2,0,0,0,1,0,1,0,0,0,1,0,1,4,0,4
415,./sourcecode1022/2018/CVE-2018-15911/ArtifexSoftware%ghostpdl/chameleon/a054156d425b_patch/equal_file_patch/0a7e5a1c3.patch,2,1,1,0,0,0,0,0,0,0,0,0,0,0,0,2,0,2,0,0,0,1,0,1,0,0,0,1,0,1,4,0,4
416,./sourcecode1022/2018/CVE-2018-15911/ArtifexSoftware%ghostpdl/chameleon/a054156d425b_patch/equal_file_patch/687e9a482.patch,2,1,1,0,0,0,0,0,0,0,0,0,0,0,0,2,0,2,0,0,0,1,0,1,0,0,0,1,0,1,4,0,4
417,./sourcecode1022/2018/CVE-2018-16413/ImageMagick%ImageMagick6/main/4745eb104761_patch/equal_file_patch/a9b45b472.patch,2,16,1,0,0,0,26,12,14,0,0,0,0,0,0,40,18,22,26,12,14,6,2,4,4,2,2,0,0,0,12,10,12
418,./sourcecode1022/2018/CVE-2018-16413/ImageMagick%ImageMagick6/main/4745eb104761_patch/equal_file_patch/59ab6acc6.patch,2,16,1,0,0,0,26,12,14,0,0,0,0,0,0,40,18,22,26,12,14,6,2,4,4,2,2,0,0,0,12,10,12
419,./sourcecode1022/2018/CVE-2018-16413/ImageMagick%ImageMagick6/main/4745eb104761_patch/equal_file_patch/ee2342eaf.patch,2,16,1,0,0,0,26,12,14,0,0,0,0,0,0,40,18,22,26,12,14,6,2,4,4,2,2,0,0,0,12,10,12
420,./sourcecode1022/2018/CVE-2018-16413/ImageMagick%ImageMagick6/main/4745eb104761_patch/equal_file_patch/eb1577961.patch,2,16,1,0,0,0,26,12,14,0,0,0,0,0,0,40,18,22,26,12,14,6,2,4,4,2,2,0,0,0,12,10,12
421,./sourcecode1022/2018/CVE-2018-16413/ImageMagick%ImageMagick6/main/4745eb104761_patch/equal_file_patch/cfeab2b2b.patch,2,16,1,0,0,0,22,10,12,0,0,0,0,0,0,40,18,22,22,10,12,6,2,4,8,4,4,1,1,1,12,9,11
422,./sourcecode1022/2018/CVE-2018-16413/ImageMagick%ImageMagick6/main/4745eb104761_patch/equal_file_patch/34ce110de.patch,2,16,1,0,0,0,26,12,14,0,0,0,0,0,0,40,18,22,26,12,14,6,2,4,4,2,2,0,0,0,12,10,12
423,./sourcecode1022/2018/CVE-2018-16867/simbricks%qemu/main/933cc4bb3469_patch/equal_file_patch/f28ed74fd1.patch,2,6,1,0,0,0,4,2,2,2,2,0,0,0,0,24,20,4,18,14,4,10,4,6,0,0,0,2,2,2,14,14,9
424,./sourcecode1022/2018/CVE-2018-16867/simbricks%qemu/main/933cc4bb3469_patch/equal_file_patch/3d9442ee1d.patch,2,6,1,0,0,0,4,2,2,2,2,0,0,0,0,24,20,4,18,14,4,10,4,6,0,0,0,2,2,2,14,14,9
425,./sourcecode1022/2018/CVE-2018-16867/simbricks%qemu/main/933cc4bb3469_patch/equal_file_patch/6d05e39d69.patch,2,6,1,0,0,0,4,2,2,2,2,0,0,0,0,24,20,4,18,14,4,10,4,6,0,0,0,2,2,2,14,14,9
426,./sourcecode1022/2018/CVE-2018-16867/simbricks%qemu/main/933cc4bb3469_patch/equal_file_patch/f39901d59f.patch,2,8,1,2,0,2,6,2,4,2,0,2,0,0,0,30,18,12,18,12,6,0,0,0,0,0,0,7,2,7,12,7,10
427,./sourcecode1022/2018/CVE-2018-16867/simbricks%qemu/main/933cc4bb3469_patch/equal_file_patch/b150cb8f67.patch,2,6,1,0,0,0,4,2,2,2,2,0,0,0,0,24,20,4,18,14,4,10,4,6,0,0,0,2,2,2,14,14,9
428,./sourcecode1022/2018/CVE-2018-16867/simbricks%qemu/main/933cc4bb3469_patch/equal_file_patch/c760cb77e5.patch,2,6,1,0,0,0,4,2,2,2,2,0,0,0,0,24,20,4,18,14,4,10,4,6,0,0,0,2,2,2,14,14,9
429,./sourcecode1022/2018/CVE-2018-16867/agrecascino%qemu/master/f81d245d4ff4_patch/equal_file_patch/8755cc1a70.patch,2,6,1,0,0,0,4,2,2,2,2,0,0,0,0,24,20,4,18,14,4,10,4,6,0,0,0,2,2,2,14,14,9
430,./sourcecode1022/2018/CVE-2018-16867/agrecascino%qemu/master/f81d245d4ff4_patch/equal_file_patch/ebeac3002f8b.patch,2,4,1,2,0,2,2,0,2,2,0,2,0,0,0,20,8,12,12,6,6,0,0,0,0,0,0,6,1,6,10,4,10
431,./sourcecode1022/2018/CVE-2018-16867/agrecascino%qemu/master/f81d245d4ff4_patch/equal_file_patch/1a256b7532.patch,2,8,1,2,0,2,6,2,4,2,0,2,0,0,0,30,18,12,18,12,6,0,0,0,0,0,0,7,2,7,12,7,10
432,./sourcecode1022/2018/CVE-2018-16867/agrecascino%qemu/master/f81d245d4ff4_patch/equal_file_patch/367b32a14c.patch,2,6,1,0,0,0,4,2,2,2,2,0,0,0,0,24,20,4,18,14,4,10,4,6,0,0,0,2,2,2,14,14,9
433,./sourcecode1022/2018/CVE-2018-16867/agrecascino%qemu/master/f81d245d4ff4_patch/equal_file_patch/69789dff9e7a.patch,2,8,1,2,0,2,6,2,4,2,0,2,0,0,0,30,18,12,18,12,6,0,0,0,0,0,0,7,2,7,12,7,10
434,./sourcecode1022/2018/CVE-2018-16867/agrecascino%qemu/master/f81d245d4ff4_patch/equal_file_patch/105a055394.patch,2,6,1,0,0,0,4,2,2,2,2,0,0,0,0,24,20,4,18,14,4,10,4,6,0,0,0,2,2,2,14,14,9
435,./sourcecode1022/2018/CVE-2018-19045/acassen%keepalived/alpha/5241e4d7b177d0b6f073cfc9ed5444bf51ec89d6_patch/equal_file_patch/37fd6fbc.patch,8,133,12,4,0,4,327,96,231,6,3,3,33,12,21,604,194,410,219,65,154,272,59,213,120,27,93,72,29,61,482,218,465
436,./sourcecode1022/2018/CVE-2018-19045/acassen%keepalived/alpha/5241e4d7b177d0b6f073cfc9ed5444bf51ec89d6_patch/equal_file_patch/ef419fdb.patch,4,40,8,0,0,0,86,22,64,3,1,2,3,1,2,75,28,47,16,6,10,87,12,75,69,19,50,26,9,22,125,56,117
437,./sourcecode1022/2018/CVE-2018-19045/acassen%keepalived/alpha/5241e4d7b177d0b6f073cfc9ed5444bf51ec89d6_patch/equal_file_patch/679bd41c.patch,4,54,8,0,0,0,88,22,66,3,1,2,5,2,3,108,47,61,22,9,13,104,17,87,72,19,53,38,18,27,147,71,140
438,./sourcecode1022/2018/CVE-2018-19045/acassen%keepalived/alpha/5241e4d7b177d0b6f073cfc9ed5444bf51ec89d6_patch/equal_file_patch/35f58108.patch,4,83,8,3,0,3,149,36,113,4,1,3,9,3,6,188,63,125,48,15,33,177,29,148,90,20,70,56,22,47,302,114,288
439,./sourcecode1022/2018/CVE-2018-19045/acassen%keepalived/alpha/5241e4d7b177d0b6f073cfc9ed5444bf51ec89d6_patch/equal_file_patch/c9d0b1e4.patch,8,67,12,0,0,0,217,50,167,13,1,12,21,2,19,403,89,314,164,31,133,237,21,216,84,24,60,57,16,53,278,111,270
440,./sourcecode1022/2018/CVE-2018-19045/acassen%keepalived/alpha/5241e4d7b177d0b6f073cfc9ed5444bf51ec89d6_patch/equal_file_patch/54ec052f.patch,8,155,12,9,2,7,401,106,295,13,3,10,41,14,27,776,238,538,277,76,201,350,65,285,140,29,111,105,37,91,590,259,570
441,./sourcecode1022/2018/CVE-2018-20359/knik0%faad2/master/a8dc3f8ce67f_patch/equal_file_patch/74e949f.patch,1,3,1,0,0,0,6,0,6,0,0,0,0,0,0,6,0,6,6,0,6,0,0,0,0,0,0,0,0,0,3,0,3
442,./sourcecode1022/2018/CVE-2018-20359/knik0%faad2/master/a8dc3f8ce67f_patch/equal_file_patch/a8dc3f8ce67f.patch,1,3,1,0,0,0,6,0,6,0,0,0,0,0,0,6,0,6,6,0,6,0,0,0,0,0,0,0,0,0,3,0,3
443,./sourcecode1022/2018/CVE-2018-20359/knik0%faad2/master/a8dc3f8ce67f_patch/equal_file_patch/a65ecab.patch,1,3,1,0,0,0,6,0,6,0,0,0,0,0,0,6,0,6,6,0,6,0,0,0,0,0,0,0,0,0,3,0,3
444,./sourcecode1022/2018/CVE-2018-20359/knik0%faad2/master/a8dc3f8ce67f_patch/equal_file_patch/eb19fa5.patch,1,3,1,0,0,0,6,0,6,0,0,0,0,0,0,6,0,6,6,0,6,0,0,0,0,0,0,0,0,0,3,0,3
445,./sourcecode1022/2018/CVE-2018-20359/knik0%faad2/master/a8dc3f8ce67f_patch/equal_file_patch/b20a5d2.patch,1,3,1,0,0,0,6,0,6,0,0,0,0,0,0,6,0,6,6,0,6,0,0,0,0,0,0,0,0,0,3,0,3
446,./sourcecode1022/2018/CVE-2018-20359/knik0%faad2/master/a8dc3f8ce67f_patch/equal_file_patch/f71b5e81f563.patch,1,3,1,0,0,0,6,0,6,0,0,0,0,0,0,6,0,6,6,0,6,0,0,0,0,0,0,0,0,0,3,0,3
447,./sourcecode1022/2018/CVE-2018-20511/torvalds%linux/master/5211da9ca526_patch/equal_file_patch/80f232121b69.patch,16,16,1,64,32,32,32,16,16,0,0,0,0,0,0,96,0,96,48,0,48,0,0,0,32,16,16,2,1,1,6,2,6
448,./sourcecode1022/2018/CVE-2018-20511/torvalds%linux/master/5211da9ca526_patch/equal_file_patch/a111daf0c53a.patch,16,32,1,64,32,32,64,32,32,0,0,0,0,0,0,96,0,96,48,0,48,0,0,0,64,32,32,3,2,2,8,3,7
449,./sourcecode1022/2018/CVE-2018-20511/torvalds%linux/master/5211da9ca526_patch/equal_file_patch/0af5cb349a2c.patch,16,32,1,64,32,32,64,32,32,0,0,0,0,0,0,96,0,96,48,0,48,0,0,0,64,32,32,3,2,2,8,3,7
450,./sourcecode1022/2018/CVE-2018-20511/torvalds%linux/master/5211da9ca526_patch/equal_file_patch/8efd0d9c316a.patch,16,32,1,64,32,32,64,32,32,0,0,0,0,0,0,96,0,96,48,0,48,0,0,0,64,32,32,3,2,2,8,3,7
451,./sourcecode1022/2018/CVE-2018-20511/torvalds%linux/master/5211da9ca526_patch/equal_file_patch/5211da9ca526.patch,16,16,1,64,32,32,32,16,16,0,0,0,0,0,0,96,0,96,48,0,48,0,0,0,32,16,16,2,1,1,6,2,6
452,./sourcecode1022/2018/CVE-2018-20511/torvalds%linux/master/5211da9ca526_patch/equal_file_patch/9e9fb7655ed5.patch,16,32,1,64,32,32,64,32,32,0,0,0,0,0,0,96,0,96,48,0,48,0,0,0,64,32,32,3,2,2,8,3,7
453,./sourcecode1022/2018/CVE-2018-20542/libxsmm%libxsmm/8bit_transposes/7e9e1db2aa8fa2d9a8106137e7a9fdf2ed8ff0e5_patch/equal_file_patch/30298be4f.patch,2,17,2,8,8,0,59,51,8,23,18,5,13,10,3,91,74,17,27,24,3,149,105,44,0,0,0,21,14,9,188,159,65
454,./sourcecode1022/2018/CVE-2018-20542/libxsmm%libxsmm/8bit_transposes/7e9e1db2aa8fa2d9a8106137e7a9fdf2ed8ff0e5_patch/equal_file_patch/3acaadd4b.patch,2,10,2,8,8,0,28,23,5,15,13,2,6,5,1,73,59,14,11,9,2,96,71,25,0,0,0,18,13,7,126,108,51
455,./sourcecode1022/2018/CVE-2018-20542/libxsmm%libxsmm/8bit_transposes/7e9e1db2aa8fa2d9a8106137e7a9fdf2ed8ff0e5_patch/equal_file_patch/f5e6d86de.patch,2,13,2,8,8,0,54,46,8,23,18,5,13,10,3,90,73,17,20,18,2,145,101,44,0,0,0,21,14,9,181,152,63
456,./sourcecode1022/2018/CVE-2018-20542/libxsmm%libxsmm/8bit_transposes/7e9e1db2aa8fa2d9a8106137e7a9fdf2ed8ff0e5_patch/equal_file_patch/e48875f37.patch,2,9,2,8,8,0,28,23,5,15,13,2,6,5,1,56,51,5,11,9,2,96,71,25,0,0,0,17,13,6,120,103,44
457,./sourcecode1022/2018/CVE-2018-20542/libxsmm%libxsmm/8bit_transposes/7e9e1db2aa8fa2d9a8106137e7a9fdf2ed8ff0e5_patch/equal_file_patch/92a61a711.patch,2,17,2,8,8,0,59,51,8,23,18,5,13,10,3,91,74,17,27,24,3,149,105,44,0,0,0,21,14,9,188,159,65
458,./sourcecode1022/2018/CVE-2018-20542/libxsmm%libxsmm/8bit_transposes/7e9e1db2aa8fa2d9a8106137e7a9fdf2ed8ff0e5_patch/equal_file_patch/038667fab.patch,2,42,2,8,8,0,80,63,17,11,11,0,18,12,6,112,84,28,34,30,4,198,127,71,6,3,3,28,19,15,229,188,103
459,./sourcecode1022/2018/CVE-2018-20749/LibVNC%libvncserver/master/15bb719c03cc70f14c36a843dcb16ed69b405707_patch/equal_file_patch/1425dc1e.patch,1,3,1,3,1,2,4,0,4,1,0,1,2,0,2,12,3,9,2,0,2,5,0,5,0,0,0,6,3,4,63,6,60
460,./sourcecode1022/2018/CVE-2018-20749/LibVNC%libvncserver/master/15bb719c03cc70f14c36a843dcb16ed69b405707_patch/equal_file_patch/dd3b1303.patch,1,4,1,3,1,2,4,0,4,1,0,1,2,0,2,12,3,9,2,0,2,5,0,5,0,0,0,6,3,4,65,8,62
461,./sourcecode1022/2018/CVE-2018-20749/LibVNC%libvncserver/master/15bb719c03cc70f14c36a843dcb16ed69b405707_patch/equal_file_patch/b9bc09b9.patch,1,5,1,5,2,3,5,1,4,1,0,1,2,0,2,12,3,9,3,1,2,5,0,5,0,0,0,7,4,5,65,9,62
462,./sourcecode1022/2018/CVE-2018-20749/LibVNC%libvncserver/master/15bb719c03cc70f14c36a843dcb16ed69b405707_patch/equal_file_patch/b299141c.patch,1,3,1,3,1,2,4,0,4,1,0,1,2,0,2,12,3,9,2,0,2,5,0,5,0,0,0,6,3,4,63,6,60
463,./sourcecode1022/2018/CVE-2018-20749/LibVNC%libvncserver/master/15bb719c03cc70f14c36a843dcb16ed69b405707_patch/equal_file_patch/673c07a7.patch,1,4,1,3,1,2,4,0,4,1,0,1,2,0,2,12,3,9,2,0,2,5,0,5,0,0,0,6,3,4,65,8,62
464,./sourcecode1022/2018/CVE-2018-20749/LibVNC%libvncserver/master/15bb719c03cc70f14c36a843dcb16ed69b405707_patch/equal_file_patch/2935d1fa.patch,1,3,1,3,1,2,4,0,4,1,0,1,2,0,2,12,3,9,2,0,2,5,0,5,0,0,0,6,3,4,63,6,60
465,./sourcecode1022/2018/CVE-2018-20761/gpac%gpac/legacy/35ab4475a7df9b2a4bcab235e379c0c3ec543658_patch/equal_file_patch/50e85cf91.patch,1,7,3,13,0,13,7,1,6,3,0,3,3,0,3,24,1,23,6,1,5,5,1,4,0,0,0,5,2,5,35,9,35
466,./sourcecode1022/2018/CVE-2018-20761/gpac%gpac/legacy/35ab4475a7df9b2a4bcab235e379c0c3ec543658_patch/equal_file_patch/8752b1bdf.patch,1,7,3,13,0,13,7,1,6,3,0,3,3,0,3,24,1,23,6,1,5,5,1,4,0,0,0,5,2,5,35,9,35
467,./sourcecode1022/2018/CVE-2018-20761/gpac%gpac/legacy/35ab4475a7df9b2a4bcab235e379c0c3ec543658_patch/equal_file_patch/34edc2078.patch,3,14,5,21,0,21,21,1,20,15,0,15,9,0,9,53,1,52,16,1,15,19,1,18,0,0,0,16,2,16,87,9,87
468,./sourcecode1022/2018/CVE-2018-20761/gpac%gpac/legacy/35ab4475a7df9b2a4bcab235e379c0c3ec543658_patch/equal_file_patch/16824b65f.patch,3,14,5,21,0,21,21,1,20,15,0,15,9,0,9,53,1,52,16,1,15,19,1,18,0,0,0,16,2,16,87,9,87
469,./sourcecode1022/2018/CVE-2018-20761/gpac%gpac/legacy/35ab4475a7df9b2a4bcab235e379c0c3ec543658_patch/equal_file_patch/c5e1219d1.patch,3,14,5,21,0,21,21,1,20,15,0,15,9,0,9,53,1,52,16,1,15,19,1,18,0,0,0,16,2,16,87,9,87
470,./sourcecode1022/2018/CVE-2018-20761/gpac%gpac/legacy/35ab4475a7df9b2a4bcab235e379c0c3ec543658_patch/equal_file_patch/937657c97.patch,3,14,5,21,0,21,21,1,20,15,0,15,9,0,9,53,1,52,16,1,15,19,1,18,0,0,0,16,2,16,87,9,87
471,./sourcecode1022/2018/CVE-2018-21015/gpac%gpac/android_ndk23/0545bb0a01bfac6764c43bd5074e9c2d1eae495f_patch/equal_file_patch/6cfdde39d.patch,1,12,4,9,6,3,14,10,4,7,4,3,1,1,0,110,93,17,53,51,2,14,9,5,5,5,0,28,22,9,76,76,18
472,./sourcecode1022/2018/CVE-2018-21015/gpac%gpac/android_ndk23/0545bb0a01bfac6764c43bd5074e9c2d1eae495f_patch/equal_file_patch/028ed59df.patch,1,8,2,9,6,3,14,10,4,7,4,3,1,1,0,100,88,12,53,51,2,14,9,5,5,5,0,19,18,5,76,76,18
473,./sourcecode1022/2018/CVE-2018-21015/gpac%gpac/android_ndk23/0545bb0a01bfac6764c43bd5074e9c2d1eae495f_patch/equal_file_patch/840940fe5.patch,1,16,4,16,10,6,13,10,3,6,4,2,1,1,0,152,114,38,63,56,7,13,9,4,5,5,0,28,22,10,84,83,25
474,./sourcecode1022/2018/CVE-2018-21015/gpac%gpac/android_ndk23/0545bb0a01bfac6764c43bd5074e9c2d1eae495f_patch/equal_file_patch/6c1d19818.patch,1,12,4,9,6,3,14,10,4,7,4,3,1,1,0,110,93,17,53,51,2,14,9,5,5,5,0,28,22,9,76,76,18
475,./sourcecode1022/2018/CVE-2018-21015/gpac%gpac/android_ndk23/0545bb0a01bfac6764c43bd5074e9c2d1eae495f_patch/equal_file_patch/49452e13c.patch,1,12,4,9,6,3,14,10,4,7,4,3,1,1,0,110,93,17,53,51,2,14,9,5,5,5,0,28,22,9,76,76,18
476,./sourcecode1022/2018/CVE-2018-21015/gpac%gpac/android_ndk23/0545bb0a01bfac6764c43bd5074e9c2d1eae495f_patch/equal_file_patch/d5fc7bfd0.patch,1,12,4,9,6,3,14,10,4,7,4,3,1,1,0,110,93,17,53,51,2,14,9,5,5,5,0,28,22,9,76,76,18
477,./sourcecode1022/2018/CVE-2018-5785/uclouvain%openjpeg/coverity_scan/16240e21f9f5_patch/equal_file_patch/6b0a8e3a.patch,6,244,9,0,0,0,104,22,82,0,0,0,0,0,0,2452,1426,1026,932,442,490,102,36,66,1288,440,848,6,5,6,92,81,86
478,./sourcecode1022/2018/CVE-2018-5785/uclouvain%openjpeg/coverity_scan/16240e21f9f5_patch/equal_file_patch/e92fe290.patch,8,266,10,30,6,24,142,22,120,32,0,32,10,4,6,2592,1466,1126,1008,458,550,156,52,104,1300,446,854,10,6,10,117,89,111
479,./sourcecode1022/2018/CVE-2018-5785/uclouvain%openjpeg/coverity_scan/16240e21f9f5_patch/equal_file_patch/c22cbd8b.patch,4,48,1,0,0,0,70,34,36,2,0,2,10,4,6,900,448,452,58,28,30,12,4,8,676,338,338,1,1,1,46,39,46
480,./sourcecode1022/2018/CVE-2018-5785/uclouvain%openjpeg/coverity_scan/16240e21f9f5_patch/equal_file_patch/da3786d2.patch,6,244,9,0,0,0,104,22,82,0,0,0,0,0,0,2452,1426,1026,932,442,490,102,36,66,1288,440,848,6,5,6,92,81,86
481,./sourcecode1022/2018/CVE-2018-5785/uclouvain%openjpeg/coverity_scan/16240e21f9f5_patch/equal_file_patch/4da7e961.patch,8,258,10,24,6,18,112,22,90,8,0,8,2,0,2,2486,1438,1048,970,454,516,142,48,94,1300,446,854,9,6,9,110,83,104
482,./sourcecode1022/2018/CVE-2018-5785/uclouvain%openjpeg/coverity_scan/16240e21f9f5_patch/equal_file_patch/f080ab8c.patch,8,258,10,24,6,18,112,22,90,8,0,8,2,0,2,2486,1438,1048,970,454,516,142,48,94,1300,446,854,9,6,9,110,83,104
483,./sourcecode1022/2018/CVE-2018-7456/lachlanorr%libtiff/master/18d85181e9b839fe8adc2bcc24879014f011a747_patch/equal_file_patch/760ecced.patch,2,8,1,0,0,0,12,2,10,0,0,0,4,2,2,32,22,10,28,20,8,6,2,4,0,0,0,3,1,2,12,10,9
484,./sourcecode1022/2018/CVE-2018-7456/lachlanorr%libtiff/master/18d85181e9b839fe8adc2bcc24879014f011a747_patch/equal_file_patch/204c4643.patch,2,8,1,0,0,0,12,2,10,0,0,0,4,2,2,32,22,10,28,20,8,6,2,4,0,0,0,3,1,2,12,10,9
485,./sourcecode1022/2018/CVE-2018-7456/lachlanorr%libtiff/master/18d85181e9b839fe8adc2bcc24879014f011a747_patch/equal_file_patch/77eadad2.patch,2,80,1,0,0,0,76,56,20,0,0,0,4,2,2,378,204,174,118,68,50,24,18,6,0,0,0,8,6,4,87,76,69
486,./sourcecode1022/2018/CVE-2018-7456/lachlanorr%libtiff/master/18d85181e9b839fe8adc2bcc24879014f011a747_patch/equal_file_patch/4b48baef.patch,2,80,1,0,0,0,76,56,20,0,0,0,4,2,2,378,204,174,118,68,50,24,18,6,0,0,0,8,6,4,87,76,69
487,./sourcecode1022/2018/CVE-2018-7456/lachlanorr%libtiff/master/18d85181e9b839fe8adc2bcc24879014f011a747_patch/equal_file_patch/d7153046.patch,2,8,1,0,0,0,12,2,10,0,0,0,4,2,2,32,22,10,28,20,8,6,2,4,0,0,0,3,1,2,12,10,9
488,./sourcecode1022/2018/CVE-2018-7456/lachlanorr%libtiff/master/18d85181e9b839fe8adc2bcc24879014f011a747_patch/equal_file_patch/91d4a30d.patch,2,8,1,0,0,0,12,2,10,0,0,0,4,2,2,32,22,10,28,20,8,6,2,4,0,0,0,3,1,2,12,10,9
489,./sourcecode1022/2018/CVE-2018-7456/lachlanorr%libtiff/master/be4c85b16e8801a16eec25e80eb9f3dd6a96731b_patch/equal_file_patch/6fc45de7.patch,2,88,1,0,0,0,86,60,26,0,0,0,4,2,2,390,208,182,124,70,54,30,20,10,0,0,0,11,8,6,93,79,74
490,./sourcecode1022/2018/CVE-2018-7456/lachlanorr%libtiff/master/be4c85b16e8801a16eec25e80eb9f3dd6a96731b_patch/equal_file_patch/1eb58f0a.patch,2,80,1,0,0,0,76,56,20,0,0,0,4,2,2,378,204,174,118,68,50,24,18,6,0,0,0,8,6,4,87,76,69
491,./sourcecode1022/2018/CVE-2018-7456/lachlanorr%libtiff/master/be4c85b16e8801a16eec25e80eb9f3dd6a96731b_patch/equal_file_patch/760ecced.patch,2,8,1,0,0,0,12,2,10,0,0,0,4,2,2,32,22,10,28,20,8,6,2,4,0,0,0,3,1,2,12,10,9
492,./sourcecode1022/2018/CVE-2018-7456/lachlanorr%libtiff/master/be4c85b16e8801a16eec25e80eb9f3dd6a96731b_patch/equal_file_patch/79479006.patch,2,88,1,0,0,0,86,60,26,0,0,0,4,2,2,390,208,182,124,70,54,30,20,10,0,0,0,11,8,6,93,79,74
493,./sourcecode1022/2018/CVE-2018-7456/lachlanorr%libtiff/master/be4c85b16e8801a16eec25e80eb9f3dd6a96731b_patch/equal_file_patch/56a1976e.patch,2,2,1,0,0,0,2,0,2,0,0,0,4,2,2,16,6,10,12,4,8,6,2,4,0,0,0,0,0,0,6,4,6
494,./sourcecode1022/2018/CVE-2018-7456/lachlanorr%libtiff/master/be4c85b16e8801a16eec25e80eb9f3dd6a96731b_patch/equal_file_patch/fdec42f2.patch,2,8,1,0,0,0,12,2,10,0,0,0,4,2,2,32,22,10,28,20,8,6,2,4,0,0,0,3,1,2,12,10,9
495,./sourcecode1022/2018/CVE-2018-7456/marekzmyslowski%libtiff/master/18d85181e9b8_patch/equal_file_patch/7030e8ac.patch,2,2,1,0,0,0,2,0,2,0,0,0,4,2,2,16,6,10,12,4,8,6,2,4,0,0,0,0,0,0,6,4,6
496,./sourcecode1022/2018/CVE-2018-7456/marekzmyslowski%libtiff/master/18d85181e9b8_patch/equal_file_patch/0cbdf1f9.patch,2,8,1,0,0,0,12,2,10,0,0,0,4,2,2,32,22,10,28,20,8,6,2,4,0,0,0,3,1,2,12,10,9
497,./sourcecode1022/2018/CVE-2018-7456/marekzmyslowski%libtiff/master/18d85181e9b8_patch/equal_file_patch/bd03e1a2.patch,2,8,1,0,0,0,12,2,10,0,0,0,4,2,2,32,22,10,28,20,8,6,2,4,0,0,0,3,1,2,12,10,9
498,./sourcecode1022/2018/CVE-2018-7456/marekzmyslowski%libtiff/master/18d85181e9b8_patch/equal_file_patch/244dfb46.patch,2,8,1,0,0,0,12,2,10,0,0,0,4,2,2,32,22,10,28,20,8,6,2,4,0,0,0,3,1,2,12,10,9
499,./sourcecode1022/2018/CVE-2018-7456/marekzmyslowski%libtiff/master/18d85181e9b8_patch/equal_file_patch/ef82728f44f2.patch,2,8,1,0,0,0,12,2,10,0,0,0,4,2,2,32,22,10,28,20,8,6,2,4,0,0,0,3,1,2,12,10,9
500,./sourcecode1022/2018/CVE-2018-7456/marekzmyslowski%libtiff/master/18d85181e9b8_patch/equal_file_patch/18d85181e9b8.patch,2,2,1,0,0,0,2,0,2,0,0,0,4,2,2,16,6,10,12,4,8,6,2,4,0,0,0,0,0,0,6,4,6
501,./sourcecode1022/2018/CVE-2018-7870/libming%libming/master/3a000c7b6fe978dd9925266bb6847709e06dbaa3_patch/equal_file_patch/a89a619e.patch,2,19,5,13,4,9,14,1,13,21,3,18,0,0,0,43,10,33,29,4,25,12,0,12,0,0,0,9,5,7,41,9,39
502,./sourcecode1022/2018/CVE-2018-7870/libming%libming/master/3a000c7b6fe978dd9925266bb6847709e06dbaa3_patch/equal_file_patch/04aee523.patch,2,24,6,16,5,11,32,1,31,31,4,27,0,0,0,71,14,57,43,6,37,19,0,19,0,0,0,10,5,9,55,11,53
503,./sourcecode1022/2018/CVE-2018-7870/libming%libming/master/3a000c7b6fe978dd9925266bb6847709e06dbaa3_patch/equal_file_patch/6e5a28dc.patch,2,24,6,16,5,11,32,1,31,31,4,27,0,0,0,71,14,57,43,6,37,19,0,19,0,0,0,10,5,9,55,11,53
504,./sourcecode1022/2018/CVE-2018-8099/libgit2%libgit2/pks-cmake-targets/3207ddb0103543da8ad2139ec6539f590f9900c1_patch/equal_file_patch/0cd976c83.patch,4,14,2,0,0,0,16,4,12,4,0,4,0,0,0,60,28,32,18,4,14,8,0,8,8,4,4,3,2,3,17,10,17
505,./sourcecode1022/2018/CVE-2018-8099/libgit2%libgit2/pks-cmake-targets/3207ddb0103543da8ad2139ec6539f590f9900c1_patch/equal_file_patch/a129941ac.patch,4,28,2,0,0,0,48,22,26,6,0,6,0,0,0,94,44,50,42,14,28,30,10,20,44,22,22,14,10,8,38,30,32
506,./sourcecode1022/2018/CVE-2018-8099/libgit2%libgit2/pks-cmake-targets/3207ddb0103543da8ad2139ec6539f590f9900c1_patch/equal_file_patch/0530d7d91.patch,4,14,2,0,0,0,16,4,12,4,0,4,0,0,0,60,28,32,18,4,14,8,0,8,8,4,4,3,2,3,17,10,17
507,./sourcecode1022/2018/CVE-2018-8099/libgit2%libgit2/pks-cmake-targets/3207ddb0103543da8ad2139ec6539f590f9900c1_patch/equal_file_patch/b093bb56e.patch,4,14,2,0,0,0,16,4,12,4,0,4,0,0,0,60,28,32,18,4,14,8,0,8,8,4,4,3,2,3,17,10,17
508,./sourcecode1022/2018/CVE-2018-8099/libgit2%libgit2/pks-cmake-targets/3207ddb0103543da8ad2139ec6539f590f9900c1_patch/equal_file_patch/0c6f631c1.patch,6,12,1,0,0,0,16,4,12,4,0,4,0,0,0,56,28,28,16,4,12,8,0,8,8,4,4,3,2,3,15,10,15
509,./sourcecode1022/2018/CVE-2018-8099/libgit2%libgit2/pks-cmake-targets/3207ddb0103543da8ad2139ec6539f590f9900c1_patch/equal_file_patch/e277ff4d7.patch,4,28,2,0,0,0,52,20,32,8,0,8,0,0,0,94,44,50,38,12,26,32,8,24,44,22,22,12,10,9,39,30,33
510,./sourcecode1022/2018/CVE-2018-8099/libgit2%libgit2/pks-cmake-targets/58a6fe94cb851f71214dbefac3f9bffee437d6fe_patch/equal_file_patch/b6625a3b6.patch,4,56,2,0,0,0,60,22,38,52,20,32,0,0,0,118,46,72,46,14,32,34,8,26,50,24,26,13,11,10,40,31,34
511,./sourcecode1022/2018/CVE-2018-8099/libgit2%libgit2/pks-cmake-targets/58a6fe94cb851f71214dbefac3f9bffee437d6fe_patch/equal_file_patch/cb17630b7.patch,4,56,2,0,0,0,60,22,38,52,20,32,0,0,0,118,46,72,46,14,32,34,8,26,50,24,26,13,11,10,40,31,34
512,./sourcecode1022/2018/CVE-2018-8099/libgit2%libgit2/pks-cmake-targets/58a6fe94cb851f71214dbefac3f9bffee437d6fe_patch/equal_file_patch/b1795e0da.patch,4,56,2,0,0,0,60,22,38,52,20,32,0,0,0,118,46,72,46,14,32,34,8,26,50,24,26,13,11,10,40,31,34
513,./sourcecode1022/2018/CVE-2018-8099/libgit2%libgit2/pks-cmake-targets/58a6fe94cb851f71214dbefac3f9bffee437d6fe_patch/equal_file_patch/7321cff05.patch,4,42,2,0,0,0,24,6,18,48,20,28,0,0,0,84,30,54,26,6,20,10,0,10,14,6,8,4,3,4,23,15,23
514,./sourcecode1022/2018/CVE-2018-8099/libgit2%libgit2/pks-cmake-targets/58a6fe94cb851f71214dbefac3f9bffee437d6fe_patch/equal_file_patch/f356952bc.patch,4,56,2,0,0,0,56,24,32,50,20,30,0,0,0,118,46,72,50,16,34,32,10,22,50,24,26,15,11,9,39,31,33
515,./sourcecode1022/2018/CVE-2018-8099/libgit2%libgit2/pks-cmake-targets/58a6fe94cb851f71214dbefac3f9bffee437d6fe_patch/equal_file_patch/e277ff4d7.patch,4,56,2,0,0,0,60,22,38,52,20,32,0,0,0,118,46,72,46,14,32,34,8,26,50,24,26,13,11,10,40,31,34
516,./sourcecode1022/2018/CVE-2018-8099/libgit2%libgit2/pks-cmake-targets/dd2d5381773ca3f7bc31f56aea6fc067db5ea404_patch/equal_file_patch/db0c66483.patch,4,42,2,0,0,0,24,6,18,48,20,28,0,0,0,90,32,58,26,6,20,10,0,10,14,6,8,4,3,4,25,16,25
517,./sourcecode1022/2018/CVE-2018-8099/libgit2%libgit2/pks-cmake-targets/dd2d5381773ca3f7bc31f56aea6fc067db5ea404_patch/equal_file_patch/709e099c2.patch,4,40,2,0,0,0,24,6,18,48,20,28,0,0,0,86,32,54,24,6,18,10,0,10,14,6,8,4,3,4,24,16,24
518,./sourcecode1022/2018/CVE-2018-8099/libgit2%libgit2/pks-cmake-targets/dd2d5381773ca3f7bc31f56aea6fc067db5ea404_patch/equal_file_patch/18e836cbf.patch,4,56,2,0,0,0,60,22,38,52,20,32,0,0,0,124,48,76,46,14,32,34,8,26,50,24,26,13,11,10,42,32,36
519,./sourcecode1022/2018/CVE-2018-8099/libgit2%libgit2/pks-cmake-targets/dd2d5381773ca3f7bc31f56aea6fc067db5ea404_patch/equal_file_patch/e0af6d121.patch,4,40,2,0,0,0,24,6,18,48,20,28,0,0,0,86,32,54,24,6,18,10,0,10,14,6,8,4,3,4,24,16,24
520,./sourcecode1022/2018/CVE-2018-8099/libgit2%libgit2/pks-cmake-targets/dd2d5381773ca3f7bc31f56aea6fc067db5ea404_patch/equal_file_patch/fd7a384b6.patch,4,56,2,0,0,0,60,22,38,52,20,32,0,0,0,124,48,76,46,14,32,34,8,26,50,24,26,13,11,10,42,32,36
521,./sourcecode1022/2018/CVE-2018-8099/libgit2%libgit2/pks-cmake-targets/dd2d5381773ca3f7bc31f56aea6fc067db5ea404_patch/equal_file_patch/1849f89a4.patch,4,56,2,0,0,0,56,24,32,50,20,30,0,0,0,124,48,76,50,16,34,32,10,22,50,24,26,15,11,9,41,32,35
522,./sourcecode1022/2018/CVE-2018-8099/libgit2%libgit2/pks-cmake-targets/3db1af1f370295ad5355b8f64b865a2a357bcac0_patch/equal_file_patch/56e7aaf04.patch,4,28,2,0,0,0,40,16,24,8,0,8,0,0,0,54,24,30,26,8,18,28,8,20,36,18,18,10,8,7,35,26,29
523,./sourcecode1022/2018/CVE-2018-8099/libgit2%libgit2/pks-cmake-targets/3db1af1f370295ad5355b8f64b865a2a357bcac0_patch/equal_file_patch/7321cff05.patch,4,6,2,0,0,0,4,0,4,4,0,4,0,0,0,4,0,4,6,0,6,4,0,4,0,0,0,1,0,1,8,0,8
524,./sourcecode1022/2018/CVE-2018-8099/libgit2%libgit2/pks-cmake-targets/3db1af1f370295ad5355b8f64b865a2a357bcac0_patch/equal_file_patch/18e836cbf.patch,4,28,2,0,0,0,40,16,24,8,0,8,0,0,0,54,24,30,26,8,18,28,8,20,36,18,18,10,8,7,35,26,29
525,./sourcecode1022/2018/CVE-2018-8099/libgit2%libgit2/pks-cmake-targets/3db1af1f370295ad5355b8f64b865a2a357bcac0_patch/equal_file_patch/1e92a0363.patch,4,16,2,0,0,0,20,8,12,4,0,4,0,0,0,20,8,12,10,2,8,4,0,4,16,8,8,3,2,2,20,10,17
526,./sourcecode1022/2018/CVE-2018-8099/libgit2%libgit2/pks-cmake-targets/3db1af1f370295ad5355b8f64b865a2a357bcac0_patch/equal_file_patch/296cb5e69.patch,4,6,2,0,0,0,4,0,4,4,0,4,0,0,0,4,0,4,6,0,6,4,0,4,0,0,0,1,0,1,8,0,8
527,./sourcecode1022/2018/CVE-2018-8099/libgit2%libgit2/pks-cmake-targets/3db1af1f370295ad5355b8f64b865a2a357bcac0_patch/equal_file_patch/6dfc8bc24.patch,4,6,2,0,0,0,4,0,4,4,0,4,0,0,0,4,0,4,6,0,6,4,0,4,0,0,0,1,0,1,8,0,8
528,./sourcecode1022/2018/CVE-2018-8381/sagarpant1%ChakraCore/master/a3300017508c_patch/equal_file_patch/49f594b3f.patch,9,42,6,4,0,4,90,34,56,2,0,2,2,0,2,188,46,142,202,44,158,55,24,31,4,2,2,27,9,22,84,35,81
529,./sourcecode1022/2018/CVE-2018-8381/sagarpant1%ChakraCore/master/a3300017508c_patch/equal_file_patch/e055dbbd9.patch,9,42,6,4,0,4,90,34,56,2,0,2,2,0,2,188,46,142,202,44,158,55,24,31,4,2,2,27,9,22,84,35,81
530,./sourcecode1022/2018/CVE-2018-8381/sagarpant1%ChakraCore/master/a3300017508c_patch/equal_file_patch/e149067c8.patch,9,42,6,4,0,4,90,34,56,2,0,2,2,0,2,188,46,142,202,44,158,55,24,31,4,2,2,27,9,22,84,35,81
531,./sourcecode1022/2018/CVE-2018-8381/sagarpant1%ChakraCore/master/a3300017508c_patch/equal_file_patch/757bd0d88.patch,9,36,6,0,0,0,72,34,38,2,0,2,0,0,0,84,38,46,132,38,94,47,24,23,4,2,2,13,9,7,54,31,53
532,./sourcecode1022/2018/CVE-2018-8381/sagarpant1%ChakraCore/master/a3300017508c_patch/equal_file_patch/b45b70bd9.patch,9,10,5,0,0,0,18,8,10,0,0,0,0,0,0,28,10,18,24,10,14,11,6,5,0,0,0,9,5,5,28,8,26
533,./sourcecode1022/2018/CVE-2018-8381/sagarpant1%ChakraCore/master/a3300017508c_patch/equal_file_patch/6b98ef812.patch,9,42,6,4,0,4,90,34,56,2,0,2,2,0,2,188,46,142,202,44,158,55,24,31,4,2,2,27,9,22,84,35,81
534,./sourcecode1022/2018/CVE-2018-8629/hexloop%ChakraCore/master/757bd0d88cca55210c2eb17326698eabeb54aa78_patch/equal_file_patch/1a882019e.patch,4,8,1,4,0,4,4,0,4,0,0,0,0,0,0,32,4,28,32,4,28,0,0,0,8,0,8,4,1,4,7,3,7
535,./sourcecode1022/2018/CVE-2018-8629/hexloop%ChakraCore/master/757bd0d88cca55210c2eb17326698eabeb54aa78_patch/equal_file_patch/28d68d293.patch,4,8,1,4,0,4,4,0,4,0,0,0,0,0,0,32,4,28,32,4,28,0,0,0,8,0,8,4,1,4,7,3,7
536,./sourcecode1022/2018/CVE-2018-8629/hexloop%ChakraCore/master/757bd0d88cca55210c2eb17326698eabeb54aa78_patch/equal_file_patch/e6e25c3a5.patch,4,8,1,4,0,4,4,0,4,0,0,0,0,0,0,32,4,28,32,4,28,0,0,0,8,0,8,4,1,4,7,3,7
537,./sourcecode1022/2018/CVE-2018-8629/hexloop%ChakraCore/master/757bd0d88cca55210c2eb17326698eabeb54aa78_patch/equal_file_patch/897481c0a.patch,4,8,1,4,0,4,4,0,4,0,0,0,0,0,0,32,4,28,32,4,28,0,0,0,8,0,8,4,1,4,7,3,7
538,./sourcecode1022/2018/CVE-2018-8629/hexloop%ChakraCore/master/757bd0d88cca55210c2eb17326698eabeb54aa78_patch/equal_file_patch/6359ad726.patch,4,8,1,4,0,4,4,0,4,0,0,0,0,0,0,32,4,28,32,4,28,0,0,0,8,0,8,4,1,4,7,3,7
539,./sourcecode1022/2018/CVE-2018-8629/hexloop%ChakraCore/master/757bd0d88cca55210c2eb17326698eabeb54aa78_patch/equal_file_patch/9360fcfb8.patch,4,8,1,4,0,4,4,0,4,0,0,0,0,0,0,32,4,28,32,4,28,0,0,0,8,0,8,4,1,4,7,3,7
540,./sourcecode1022/2018/CVE-2018-8629/hexloop%ChakraCore/master/daa5d2505d31debfe1bbd5dcf04927cd23898ad2_patch/equal_file_patch/e6e25c3a5.patch,4,8,1,4,0,4,4,0,4,0,0,0,0,0,0,32,4,28,32,4,28,0,0,0,8,0,8,4,1,4,7,3,7
541,./sourcecode1022/2018/CVE-2018-8629/hexloop%ChakraCore/master/daa5d2505d31debfe1bbd5dcf04927cd23898ad2_patch/equal_file_patch/6359ad726.patch,4,8,1,4,0,4,4,0,4,0,0,0,0,0,0,32,4,28,32,4,28,0,0,0,8,0,8,4,1,4,7,3,7
542,./sourcecode1022/2018/CVE-2018-8629/hexloop%ChakraCore/master/daa5d2505d31debfe1bbd5dcf04927cd23898ad2_patch/equal_file_patch/28d68d293.patch,4,8,1,4,0,4,4,0,4,0,0,0,0,0,0,32,4,28,32,4,28,0,0,0,8,0,8,4,1,4,7,3,7
543,./sourcecode1022/2018/CVE-2018-8629/hexloop%ChakraCore/master/daa5d2505d31debfe1bbd5dcf04927cd23898ad2_patch/equal_file_patch/897481c0a.patch,4,8,1,4,0,4,4,0,4,0,0,0,0,0,0,32,4,28,32,4,28,0,0,0,8,0,8,4,1,4,7,3,7
544,./sourcecode1022/2018/CVE-2018-8629/hexloop%ChakraCore/master/daa5d2505d31debfe1bbd5dcf04927cd23898ad2_patch/equal_file_patch/f2e1723c8.patch,4,8,1,4,0,4,4,0,4,0,0,0,0,0,0,32,4,28,32,4,28,0,0,0,8,0,8,4,1,4,7,3,7
545,./sourcecode1022/2018/CVE-2018-8629/hexloop%ChakraCore/master/daa5d2505d31debfe1bbd5dcf04927cd23898ad2_patch/equal_file_patch/1b20111e7.patch,4,8,1,4,0,4,4,0,4,0,0,0,0,0,0,32,4,28,32,4,28,0,0,0,8,0,8,4,1,4,7,3,7
546,./sourcecode1022/2018/CVE-2018-8629/hexloop%ChakraCore/master/8288d6f62537698d14ef4762dee30d01f7d2f594_patch/equal_file_patch/de37cbeca.patch,4,8,1,4,0,4,4,0,4,0,0,0,0,0,0,32,4,28,32,4,28,0,0,0,8,0,8,4,1,4,7,3,7
547,./sourcecode1022/2018/CVE-2018-8629/hexloop%ChakraCore/master/8288d6f62537698d14ef4762dee30d01f7d2f594_patch/equal_file_patch/9d30e8a49.patch,4,8,1,4,0,4,4,0,4,0,0,0,0,0,0,32,4,28,32,4,28,0,0,0,8,0,8,4,1,4,7,3,7
548,./sourcecode1022/2018/CVE-2018-8629/hexloop%ChakraCore/master/8288d6f62537698d14ef4762dee30d01f7d2f594_patch/equal_file_patch/f2e1723c8.patch,4,8,1,4,0,4,4,0,4,0,0,0,0,0,0,32,4,28,32,4,28,0,0,0,8,0,8,4,1,4,7,3,7
549,./sourcecode1022/2018/CVE-2018-8629/hexloop%ChakraCore/master/8288d6f62537698d14ef4762dee30d01f7d2f594_patch/equal_file_patch/28d68d293.patch,4,8,1,4,0,4,4,0,4,0,0,0,0,0,0,32,4,28,32,4,28,0,0,0,8,0,8,4,1,4,7,3,7
550,./sourcecode1022/2018/CVE-2018-8629/hexloop%ChakraCore/master/8288d6f62537698d14ef4762dee30d01f7d2f594_patch/equal_file_patch/1b20111e7.patch,4,8,1,4,0,4,4,0,4,0,0,0,0,0,0,32,4,28,32,4,28,0,0,0,8,0,8,4,1,4,7,3,7
551,./sourcecode1022/2018/CVE-2018-8629/hexloop%ChakraCore/master/8288d6f62537698d14ef4762dee30d01f7d2f594_patch/equal_file_patch/6359ad726.patch,4,8,1,4,0,4,4,0,4,0,0,0,0,0,0,32,4,28,32,4,28,0,0,0,8,0,8,4,1,4,7,3,7
552,./sourcecode1022/2018/CVE-2018-8629/hexloop%ChakraCore/master/69a259c8c3993b23a9e33772fc5a5bfd22466bd5_patch/equal_file_patch/f2e1723c8.patch,4,8,1,4,0,4,4,0,4,0,0,0,0,0,0,32,4,28,32,4,28,0,0,0,8,0,8,4,1,4,7,3,7
553,./sourcecode1022/2018/CVE-2018-8629/hexloop%ChakraCore/master/69a259c8c3993b23a9e33772fc5a5bfd22466bd5_patch/equal_file_patch/b8dbdf1ee.patch,4,8,1,4,0,4,4,0,4,0,0,0,0,0,0,32,4,28,32,4,28,0,0,0,8,0,8,4,1,4,7,3,7
554,./sourcecode1022/2018/CVE-2018-8629/hexloop%ChakraCore/master/69a259c8c3993b23a9e33772fc5a5bfd22466bd5_patch/equal_file_patch/897481c0a.patch,4,8,1,4,0,4,4,0,4,0,0,0,0,0,0,32,4,28,32,4,28,0,0,0,8,0,8,4,1,4,7,3,7
555,./sourcecode1022/2018/CVE-2018-8629/hexloop%ChakraCore/master/69a259c8c3993b23a9e33772fc5a5bfd22466bd5_patch/equal_file_patch/1b20111e7.patch,4,8,1,4,0,4,4,0,4,0,0,0,0,0,0,32,4,28,32,4,28,0,0,0,8,0,8,4,1,4,7,3,7
556,./sourcecode1022/2018/CVE-2018-8629/hexloop%ChakraCore/master/69a259c8c3993b23a9e33772fc5a5bfd22466bd5_patch/equal_file_patch/3c87edea9.patch,4,8,1,4,0,4,4,0,4,0,0,0,0,0,0,32,4,28,32,4,28,0,0,0,8,0,8,4,1,4,7,3,7
557,./sourcecode1022/2018/CVE-2018-8629/hexloop%ChakraCore/master/69a259c8c3993b23a9e33772fc5a5bfd22466bd5_patch/equal_file_patch/28d68d293.patch,4,8,1,4,0,4,4,0,4,0,0,0,0,0,0,32,4,28,32,4,28,0,0,0,8,0,8,4,1,4,7,3,7
558,./sourcecode1022/2018/CVE-2018-8629/sagarpant1%ChakraCore/master/757bd0d88cca55210c2eb17326698eabeb54aa78_patch/equal_file_patch/06c96b7ce.patch,12,24,1,12,0,12,12,0,12,0,0,0,0,0,0,96,12,84,96,12,84,0,0,0,24,0,24,4,1,4,7,3,7
559,./sourcecode1022/2018/CVE-2018-8629/sagarpant1%ChakraCore/master/757bd0d88cca55210c2eb17326698eabeb54aa78_patch/equal_file_patch/c0ae3d327.patch,12,24,1,12,0,12,12,0,12,0,0,0,0,0,0,96,12,84,96,12,84,0,0,0,24,0,24,4,1,4,7,3,7
560,./sourcecode1022/2018/CVE-2018-8629/sagarpant1%ChakraCore/master/757bd0d88cca55210c2eb17326698eabeb54aa78_patch/equal_file_patch/462869cd0.patch,12,24,1,12,0,12,12,0,12,0,0,0,0,0,0,96,12,84,96,12,84,0,0,0,24,0,24,4,1,4,7,3,7
561,./sourcecode1022/2018/CVE-2018-8629/sagarpant1%ChakraCore/master/757bd0d88cca55210c2eb17326698eabeb54aa78_patch/equal_file_patch/61b8b2288.patch,12,24,1,12,0,12,12,0,12,0,0,0,0,0,0,96,12,84,96,12,84,0,0,0,24,0,24,4,1,4,7,3,7
562,./sourcecode1022/2018/CVE-2018-8629/sagarpant1%ChakraCore/master/757bd0d88cca55210c2eb17326698eabeb54aa78_patch/equal_file_patch/e055dbbd9.patch,12,24,1,12,0,12,12,0,12,0,0,0,0,0,0,96,12,84,96,12,84,0,0,0,24,0,24,4,1,4,7,3,7
563,./sourcecode1022/2018/CVE-2018-8629/sagarpant1%ChakraCore/master/757bd0d88cca55210c2eb17326698eabeb54aa78_patch/equal_file_patch/303f24f97.patch,12,24,1,12,0,12,12,0,12,0,0,0,0,0,0,96,12,84,96,12,84,0,0,0,24,0,24,4,1,4,7,3,7
564,./sourcecode1022/2018/CVE-2018-8629/sagarpant1%ChakraCore/master/daa5d2505d31debfe1bbd5dcf04927cd23898ad2_patch/equal_file_patch/e055dbbd9.patch,12,24,1,12,0,12,12,0,12,0,0,0,0,0,0,96,12,84,96,12,84,0,0,0,24,0,24,4,1,4,7,3,7
565,./sourcecode1022/2018/CVE-2018-8629/sagarpant1%ChakraCore/master/daa5d2505d31debfe1bbd5dcf04927cd23898ad2_patch/equal_file_patch/de2d7f887.patch,12,24,1,12,0,12,12,0,12,0,0,0,0,0,0,96,12,84,96,12,84,0,0,0,24,0,24,4,1,4,7,3,7
566,./sourcecode1022/2018/CVE-2018-8629/sagarpant1%ChakraCore/master/daa5d2505d31debfe1bbd5dcf04927cd23898ad2_patch/equal_file_patch/dd6f5ce0c.patch,12,24,1,12,0,12,12,0,12,0,0,0,0,0,0,96,12,84,96,12,84,0,0,0,24,0,24,4,1,4,7,3,7
567,./sourcecode1022/2018/CVE-2018-8629/sagarpant1%ChakraCore/master/daa5d2505d31debfe1bbd5dcf04927cd23898ad2_patch/equal_file_patch/462869cd0.patch,12,24,1,12,0,12,12,0,12,0,0,0,0,0,0,96,12,84,96,12,84,0,0,0,24,0,24,4,1,4,7,3,7
568,./sourcecode1022/2018/CVE-2018-8629/sagarpant1%ChakraCore/master/daa5d2505d31debfe1bbd5dcf04927cd23898ad2_patch/equal_file_patch/b82356b26.patch,12,24,1,12,0,12,12,0,12,0,0,0,0,0,0,96,12,84,96,12,84,0,0,0,24,0,24,4,1,4,7,3,7
569,./sourcecode1022/2018/CVE-2018-8629/sagarpant1%ChakraCore/master/daa5d2505d31debfe1bbd5dcf04927cd23898ad2_patch/equal_file_patch/49f594b3f.patch,12,24,1,12,0,12,12,0,12,0,0,0,0,0,0,96,12,84,96,12,84,0,0,0,24,0,24,4,1,4,7,3,7
570,./sourcecode1022/2018/CVE-2018-8629/sagarpant1%ChakraCore/master/8288d6f62537698d14ef4762dee30d01f7d2f594_patch/equal_file_patch/c0ae3d327.patch,12,24,1,12,0,12,12,0,12,0,0,0,0,0,0,96,12,84,96,12,84,0,0,0,24,0,24,4,1,4,7,3,7
571,./sourcecode1022/2018/CVE-2018-8629/sagarpant1%ChakraCore/master/8288d6f62537698d14ef4762dee30d01f7d2f594_patch/equal_file_patch/6b98ef812.patch,12,24,1,12,0,12,12,0,12,0,0,0,0,0,0,96,12,84,96,12,84,0,0,0,24,0,24,4,1,4,7,3,7
572,./sourcecode1022/2018/CVE-2018-8629/sagarpant1%ChakraCore/master/8288d6f62537698d14ef4762dee30d01f7d2f594_patch/equal_file_patch/49f594b3f.patch,12,24,1,12,0,12,12,0,12,0,0,0,0,0,0,96,12,84,96,12,84,0,0,0,24,0,24,4,1,4,7,3,7
573,./sourcecode1022/2018/CVE-2018-8629/sagarpant1%ChakraCore/master/8288d6f62537698d14ef4762dee30d01f7d2f594_patch/equal_file_patch/303f24f97.patch,12,24,1,12,0,12,12,0,12,0,0,0,0,0,0,96,12,84,96,12,84,0,0,0,24,0,24,4,1,4,7,3,7
574,./sourcecode1022/2018/CVE-2018-8629/sagarpant1%ChakraCore/master/8288d6f62537698d14ef4762dee30d01f7d2f594_patch/equal_file_patch/b278ab759.patch,12,24,1,12,0,12,12,0,12,0,0,0,0,0,0,96,12,84,96,12,84,0,0,0,24,0,24,4,1,4,7,3,7
575,./sourcecode1022/2018/CVE-2018-8629/sagarpant1%ChakraCore/master/8288d6f62537698d14ef4762dee30d01f7d2f594_patch/equal_file_patch/de2d7f887.patch,12,24,1,12,0,12,12,0,12,0,0,0,0,0,0,96,12,84,96,12,84,0,0,0,24,0,24,4,1,4,7,3,7
576,./sourcecode1022/2018/CVE-2018-8629/sagarpant1%ChakraCore/master/69a259c8c3993b23a9e33772fc5a5bfd22466bd5_patch/equal_file_patch/b82356b26.patch,12,24,1,12,0,12,12,0,12,0,0,0,0,0,0,96,12,84,96,12,84,0,0,0,24,0,24,4,1,4,7,3,7
577,./sourcecode1022/2018/CVE-2018-8629/sagarpant1%ChakraCore/master/69a259c8c3993b23a9e33772fc5a5bfd22466bd5_patch/equal_file_patch/6b98ef812.patch,12,24,1,12,0,12,12,0,12,0,0,0,0,0,0,96,12,84,96,12,84,0,0,0,24,0,24,4,1,4,7,3,7
578,./sourcecode1022/2018/CVE-2018-8629/sagarpant1%ChakraCore/master/69a259c8c3993b23a9e33772fc5a5bfd22466bd5_patch/equal_file_patch/303f24f97.patch,12,24,1,12,0,12,12,0,12,0,0,0,0,0,0,96,12,84,96,12,84,0,0,0,24,0,24,4,1,4,7,3,7
579,./sourcecode1022/2018/CVE-2018-8629/sagarpant1%ChakraCore/master/69a259c8c3993b23a9e33772fc5a5bfd22466bd5_patch/equal_file_patch/de2d7f887.patch,12,24,1,12,0,12,12,0,12,0,0,0,0,0,0,96,12,84,96,12,84,0,0,0,24,0,24,4,1,4,7,3,7
580,./sourcecode1022/2018/CVE-2018-8629/sagarpant1%ChakraCore/master/69a259c8c3993b23a9e33772fc5a5bfd22466bd5_patch/equal_file_patch/e149067c8.patch,12,24,1,12,0,12,12,0,12,0,0,0,0,0,0,96,12,84,96,12,84,0,0,0,24,0,24,4,1,4,7,3,7
581,./sourcecode1022/2018/CVE-2018-8629/sagarpant1%ChakraCore/master/69a259c8c3993b23a9e33772fc5a5bfd22466bd5_patch/equal_file_patch/dd6f5ce0c.patch,12,24,1,12,0,12,12,0,12,0,0,0,0,0,0,96,12,84,96,12,84,0,0,0,24,0,24,4,1,4,7,3,7
582,./sourcecode1022/2018/CVE-2018-8796/rdesktop%rdesktop/1.8.x/4dca546d04321a610c1835010b5dad85163b65e1_patch/equal_file_patch/c85b5a2.patch,17,72,15,4,0,4,41,4,37,6,2,4,10,5,5,187,97,90,49,25,24,102,45,57,16,4,12,37,20,21,113,70,90
583,./sourcecode1022/2018/CVE-2018-8796/rdesktop%rdesktop/1.8.x/4dca546d04321a610c1835010b5dad85163b65e1_patch/equal_file_patch/7841030.patch,4,12,4,2,0,2,4,0,4,2,0,2,0,0,0,46,35,11,18,15,3,4,3,1,0,0,0,14,5,11,30,18,22
584,./sourcecode1022/2018/CVE-2018-8807/libming%libming/master/ff38db0d4894_patch/equal_file_patch/04aee523.patch,4,48,6,32,10,22,64,2,62,62,8,54,0,0,0,142,28,114,86,12,74,38,0,38,0,0,0,10,5,9,55,11,53
585,./sourcecode1022/2018/CVE-2018-8807/libming%libming/master/ff38db0d4894_patch/equal_file_patch/a89a619e.patch,4,38,5,26,8,18,28,2,26,42,6,36,0,0,0,86,20,66,58,8,50,24,0,24,0,0,0,9,5,7,41,9,39
586,./sourcecode1022/2018/CVE-2018-8807/libming%libming/master/ff38db0d4894_patch/equal_file_patch/6e5a28dc.patch,4,48,6,32,10,22,64,2,62,62,8,54,0,0,0,142,28,114,86,12,74,38,0,38,0,0,0,10,5,9,55,11,53
587,./sourcecode1022/2019/CVE-2019-0640/sagarpant1%ChakraCore/builtins/9a46bcda0088_patch/equal_file_patch/394d777e5.patch,1,1,1,0,0,0,0,0,0,0,0,0,0,0,0,8,4,4,8,4,4,0,0,0,0,0,0,1,1,1,3,3,3
588,./sourcecode1022/2019/CVE-2019-1020014/docker%docker-credential-helpers/master/1c9f7ede70a5_patch/equal_file_patch/5302241.patch,2,2,1,2,2,0,0,0,0,0,0,0,0,0,0,2,2,0,0,0,0,0,0,0,0,0,0,1,1,0,1,1,0
589,./sourcecode1022/2019/CVE-2019-1020014/docker%docker-credential-helpers/master/1c9f7ede70a5_patch/equal_file_patch/1c9f7ede70a5.patch,2,2,1,2,2,0,0,0,0,0,0,0,0,0,0,2,2,0,0,0,0,0,0,0,0,0,0,1,1,0,1,1,0
590,./sourcecode1022/2019/CVE-2019-1020014/docker%docker-credential-helpers/master/1c9f7ede70a5_patch/equal_file_patch/8369960.patch,2,2,1,2,2,0,0,0,0,0,0,0,0,0,0,2,2,0,0,0,0,0,0,0,0,0,0,1,1,0,1,1,0
591,./sourcecode1022/2019/CVE-2019-1020014/docker%docker-credential-helpers/master/1c9f7ede70a5_patch/equal_file_patch/ac5992b.patch,2,2,1,2,2,0,0,0,0,0,0,0,0,0,0,2,2,0,0,0,0,0,0,0,0,0,0,1,1,0,1,1,0
592,./sourcecode1022/2019/CVE-2019-10209/pjungwir%postgresql/binary_io/4766dce0dd1a1a26db253dfc81773a2c55cd2555_patch/equal_file_patch/7302514088.patch,1,5,1,1,0,1,0,0,0,0,0,0,0,0,0,21,7,14,8,4,4,0,0,0,2,1,1,3,2,3,11,8,11
593,./sourcecode1022/2019/CVE-2019-10209/pjungwir%postgresql/binary_io/4766dce0dd1a1a26db253dfc81773a2c55cd2555_patch/equal_file_patch/3146f5257f.patch,1,5,1,1,0,1,0,0,0,0,0,0,0,0,0,21,7,14,8,4,4,0,0,0,2,1,1,3,2,3,11,8,11
594,./sourcecode1022/2019/CVE-2019-10209/pjungwir%postgresql/binary_io/4766dce0dd1a1a26db253dfc81773a2c55cd2555_patch/equal_file_patch/815ef2f568.patch,1,5,1,1,0,1,0,0,0,0,0,0,0,0,0,21,7,14,8,4,4,0,0,0,2,1,1,3,2,3,11,8,11
595,./sourcecode1022/2019/CVE-2019-10209/pjungwir%postgresql/binary_io/4766dce0dd1a1a26db253dfc81773a2c55cd2555_patch/equal_file_patch/8e10405c74.patch,1,5,1,1,0,1,0,0,0,0,0,0,0,0,0,21,7,14,8,4,4,0,0,0,2,1,1,3,2,3,11,8,11
596,./sourcecode1022/2019/CVE-2019-10209/pjungwir%postgresql/binary_io/4766dce0dd1a1a26db253dfc81773a2c55cd2555_patch/equal_file_patch/1752e35163.patch,1,5,1,1,0,1,0,0,0,0,0,0,0,0,0,21,7,14,8,4,4,0,0,0,2,1,1,3,2,3,11,8,11
597,./sourcecode1022/2019/CVE-2019-10209/pjungwir%postgresql/binary_io/4766dce0dd1a1a26db253dfc81773a2c55cd2555_patch/equal_file_patch/2810396312.patch,1,5,1,1,0,1,0,0,0,0,0,0,0,0,0,21,7,14,8,4,4,0,0,0,2,1,1,3,2,3,11,8,11
598,./sourcecode1022/2019/CVE-2019-11555/yaap%external_wpa_supplicant_8/eleven/1dcd239b880a_patch/equal_file_patch/6faf81ea.patch,2,10,2,2,0,2,31,12,19,3,0,3,1,0,1,25,0,25,23,1,22,20,3,17,1,0,1,6,0,6,51,2,51
599,./sourcecode1022/2019/CVE-2019-11555/yaap%external_wpa_supplicant_8/eleven/1dcd239b880a_patch/equal_file_patch/cede5068.patch,2,10,2,2,0,2,31,12,19,3,0,3,1,0,1,25,0,25,23,1,22,20,3,17,1,0,1,6,0,6,51,2,51
600,./sourcecode1022/2019/CVE-2019-11555/yaap%external_wpa_supplicant_8/eleven/1dcd239b880a_patch/equal_file_patch/c2b09cd51572.patch,2,16,2,4,1,3,57,24,33,16,0,16,1,0,1,67,13,54,30,7,23,21,3,18,1,0,1,6,0,6,84,25,84
601,./sourcecode1022/2019/CVE-2019-11555/yaap%external_wpa_supplicant_8/eleven/1dcd239b880a_patch/equal_file_patch/cf7b49ba.patch,2,18,2,4,1,3,59,24,35,17,0,17,2,0,2,77,14,63,35,7,28,23,3,20,1,0,1,7,0,7,97,27,96
602,./sourcecode1022/2019/CVE-2019-11555/yaap%external_wpa_supplicant_8/eleven/1dcd239b880a_patch/equal_file_patch/5405c8c80032.patch,1,2,1,1,0,1,5,0,5,2,0,2,1,0,1,15,0,15,11,0,11,5,0,5,0,0,0,6,0,6,29,0,29
603,./sourcecode1022/2019/CVE-2019-11555/yaap%external_wpa_supplicant_8/eleven/1dcd239b880a_patch/equal_file_patch/d6d2d5fd1d64.patch,2,16,2,4,1,3,57,24,33,16,0,16,1,0,1,67,13,54,30,7,23,21,3,18,1,0,1,6,0,6,84,25,84
604,./sourcecode1022/2019/CVE-2019-11597/ImageMagick%ImageMagick/main/f06925afeabe_patch/equal_file_patch/79a386b12.patch,3,87,1,6,0,6,117,45,72,0,0,0,3,0,3,144,57,87,147,60,87,84,33,51,42,21,21,20,12,14,58,38,53
605,./sourcecode1022/2019/CVE-2019-11597/ImageMagick%ImageMagick/main/f06925afeabe_patch/equal_file_patch/e5e0a7dca.patch,3,81,1,0,0,0,108,42,66,0,0,0,3,0,3,123,51,72,144,60,84,84,33,51,42,21,21,20,12,14,53,35,48
606,./sourcecode1022/2019/CVE-2019-11597/ImageMagick%ImageMagick/main/f06925afeabe_patch/equal_file_patch/7472157a6.patch,3,3,1,0,0,0,9,3,6,0,0,0,0,0,0,15,3,12,21,6,15,3,0,3,0,0,0,1,1,1,9,4,9
607,./sourcecode1022/2019/CVE-2019-11597/ImageMagick%ImageMagick/main/f06925afeabe_patch/equal_file_patch/10555cbd5.patch,3,24,1,0,0,0,6,3,3,0,0,0,0,0,0,0,0,0,0,0,0,0,0,0,42,21,21,1,1,1,6,5,6
608,./sourcecode1022/2019/CVE-2019-11597/ImageMagick%ImageMagick/main/f06925afeabe_patch/equal_file_patch/e9493f1ab.patch,3,66,1,0,0,0,57,21,36,0,0,0,3,0,3,60,21,39,69,27,42,42,15,27,42,21,21,14,6,11,39,20,34
609,./sourcecode1022/2019/CVE-2019-11597/ImageMagick%ImageMagick/main/f06925afeabe_patch/equal_file_patch/1985a97ed.patch,3,24,1,0,0,0,6,3,3,0,0,0,0,0,0,0,0,0,0,0,0,0,0,0,42,21,21,1,1,1,6,5,6
610,./sourcecode1022/2019/CVE-2019-11597/ImageMagick%ImageMagick6/main/0b7d3675438c_patch/equal_file_patch/34d3e6670.patch,3,36,1,6,3,3,24,12,12,24,9,15,6,3,3,171,60,111,57,27,30,120,39,81,12,3,9,8,4,8,42,31,41
611,./sourcecode1022/2019/CVE-2019-11597/ImageMagick%ImageMagick6/main/0b7d3675438c_patch/equal_file_patch/fd9443b46.patch,9,174,2,6,3,3,225,84,141,24,9,15,12,3,9,429,153,276,357,132,225,300,105,195,132,57,75,26,15,21,87,59,85
612,./sourcecode1022/2019/CVE-2019-11597/ImageMagick%ImageMagick6/main/0b7d3675438c_patch/equal_file_patch/c8f25953a.patch,9,150,2,6,3,3,117,42,75,24,9,15,12,3,9,327,105,222,183,54,129,222,75,147,114,45,69,22,11,19,76,50,74
613,./sourcecode1022/2019/CVE-2019-11597/ImageMagick%ImageMagick6/main/0b7d3675438c_patch/equal_file_patch/524933c56.patch,9,42,2,6,3,3,42,18,24,24,9,15,6,3,3,201,66,135,99,39,60,126,39,87,12,3,9,9,5,9,49,34,48
614,./sourcecode1022/2019/CVE-2019-11597/ImageMagick%ImageMagick6/main/0b7d3675438c_patch/equal_file_patch/5d57f5967.patch,9,243,2,6,3,3,363,135,228,27,9,18,12,3,9,573,186,387,423,162,261,318,114,204,132,57,75,36,16,31,114,74,111
615,./sourcecode1022/2019/CVE-2019-11597/ImageMagick%ImageMagick6/main/0b7d3675438c_patch/equal_file_patch/f940ecb92.patch,9,150,2,6,3,3,117,42,75,24,9,15,12,3,9,327,105,222,183,54,129,222,75,147,114,45,69,22,11,19,76,50,74
616,./sourcecode1022/2019/CVE-2019-11597/ImageMagick%ImageMagick6/main/1d6c036f0388_patch/equal_file_patch/5c92edb24.patch,8,38,2,6,0,6,46,16,30,18,4,14,10,4,6,196,60,136,82,30,52,100,28,72,14,4,10,13,8,11,55,37,52
617,./sourcecode1022/2019/CVE-2019-11597/ImageMagick%ImageMagick6/main/1d6c036f0388_patch/equal_file_patch/524933c56.patch,8,44,2,6,0,6,64,22,42,18,4,14,10,4,6,226,66,160,124,42,82,106,28,78,14,4,10,14,9,12,61,40,58
618,./sourcecode1022/2019/CVE-2019-11597/ImageMagick%ImageMagick6/main/1d6c036f0388_patch/equal_file_patch/58d950826.patch,8,128,2,6,0,6,114,34,80,18,4,14,16,4,12,332,100,232,192,56,136,194,58,136,116,46,70,23,12,21,81,53,78
619,./sourcecode1022/2019/CVE-2019-11597/ImageMagick%ImageMagick6/main/1d6c036f0388_patch/equal_file_patch/253f48d44.patch,8,98,2,6,0,6,78,22,56,18,4,14,10,4,6,254,70,184,126,32,94,104,28,76,116,46,70,19,11,17,67,47,65
620,./sourcecode1022/2019/CVE-2019-11597/ImageMagick%ImageMagick6/main/1d6c036f0388_patch/equal_file_patch/cfc41d525.patch,8,38,2,6,0,6,46,16,30,18,4,14,10,4,6,196,60,136,82,30,52,100,28,72,14,4,10,13,8,11,55,37,52
621,./sourcecode1022/2019/CVE-2019-11597/ImageMagick%ImageMagick6/main/1d6c036f0388_patch/equal_file_patch/2a143d1b9.patch,6,6,1,0,0,0,12,6,6,0,0,0,0,0,0,12,6,6,12,6,6,0,0,0,0,0,0,1,1,1,5,4,4
622,./sourcecode1022/2019/CVE-2019-11597/ImageMagick%ImageMagick6/main/3c53413eb544_patch/equal_file_patch/bc06359cf.patch,8,160,2,6,0,6,162,52,110,18,4,14,16,4,12,380,112,268,282,80,202,224,70,154,116,46,70,26,15,21,92,59,88
623,./sourcecode1022/2019/CVE-2019-11597/ImageMagick%ImageMagick6/main/3c53413eb544_patch/equal_file_patch/cfb643774.patch,8,44,2,6,0,6,64,22,42,18,4,14,10,4,6,222,66,156,124,42,82,106,28,78,14,4,10,14,9,12,60,40,57
624,./sourcecode1022/2019/CVE-2019-11597/ImageMagick%ImageMagick6/main/3c53413eb544_patch/equal_file_patch/118f5baf4.patch,8,98,2,6,0,6,78,22,56,18,4,14,10,4,6,254,70,184,126,32,94,104,28,76,116,46,70,19,11,17,67,47,65
625,./sourcecode1022/2019/CVE-2019-11597/ImageMagick%ImageMagick6/main/3c53413eb544_patch/equal_file_patch/03e6e1645.patch,8,104,2,6,0,6,84,22,62,18,4,14,16,4,12,266,70,196,138,32,106,122,28,94,116,46,70,19,11,17,72,47,70
626,./sourcecode1022/2019/CVE-2019-11597/ImageMagick%ImageMagick6/main/3c53413eb544_patch/equal_file_patch/2a143d1b9.patch,6,6,1,0,0,0,12,6,6,0,0,0,0,0,0,12,6,6,12,6,6,0,0,0,0,0,0,1,1,1,5,4,4
627,./sourcecode1022/2019/CVE-2019-11597/ImageMagick%ImageMagick6/main/3c53413eb544_patch/equal_file_patch/2d5e8e387.patch,8,184,2,6,0,6,256,88,168,20,4,16,16,4,12,484,148,336,380,134,246,278,94,184,134,58,76,35,18,29,103,63,100
628,./sourcecode1022/2019/CVE-2019-12982/libming%libming/master/da9d86eab55c_patch/equal_file_patch/6e5a28dc.patch,2,2,1,0,0,0,4,2,2,0,0,0,0,0,0,0,0,0,0,0,0,0,0,0,0,0,0,1,0,1,5,4,3
629,./sourcecode1022/2019/CVE-2019-12982/libming%libming/master/da9d86eab55c_patch/equal_file_patch/04aee523.patch,2,2,1,0,0,0,4,2,2,0,0,0,0,0,0,0,0,0,0,0,0,0,0,0,0,0,0,1,0,1,5,4,3
630,./sourcecode1022/2019/CVE-2019-1308/hexloop%ChakraCore/master/64376deca69126c2bb05cd87bd5c073aedaf5f9c_patch/equal_file_patch/c459fea95.patch,8,77,6,0,0,0,209,64,145,12,4,8,9,0,9,500,84,416,324,71,253,166,44,122,0,0,0,52,24,47,161,45,148
631,./sourcecode1022/2019/CVE-2019-1308/hexloop%ChakraCore/master/64376deca69126c2bb05cd87bd5c073aedaf5f9c_patch/equal_file_patch/b8dbdf1ee.patch,11,86,7,12,0,12,236,64,172,15,4,11,15,0,15,575,96,479,369,77,292,211,47,164,12,6,6,60,27,55,185,53,172
632,./sourcecode1022/2019/CVE-2019-1308/hexloop%ChakraCore/master/64376deca69126c2bb05cd87bd5c073aedaf5f9c_patch/equal_file_patch/f0b866d28.patch,8,77,6,0,0,0,209,64,145,12,4,8,9,0,9,500,84,416,324,71,253,166,44,122,0,0,0,52,24,47,161,45,148
633,./sourcecode1022/2019/CVE-2019-1308/hexloop%ChakraCore/master/cc871514deeaeaedb5b757c2ca8cd4ab9abccb5d_patch/equal_file_patch/b8dbdf1ee.patch,11,86,7,12,0,12,236,64,172,15,4,11,15,0,15,575,96,479,369,77,292,211,47,164,12,6,6,60,27,55,185,53,172
634,./sourcecode1022/2019/CVE-2019-1308/hexloop%ChakraCore/master/cc871514deeaeaedb5b757c2ca8cd4ab9abccb5d_patch/equal_file_patch/f0b866d28.patch,8,77,6,0,0,0,209,64,145,12,4,8,9,0,9,500,84,416,324,71,253,166,44,122,0,0,0,52,24,47,161,45,148
635,./sourcecode1022/2019/CVE-2019-1308/hexloop%ChakraCore/master/cc871514deeaeaedb5b757c2ca8cd4ab9abccb5d_patch/equal_file_patch/c459fea95.patch,8,77,6,0,0,0,209,64,145,12,4,8,9,0,9,500,84,416,324,71,253,166,44,122,0,0,0,52,24,47,161,45,148
636,./sourcecode1022/2019/CVE-2019-1308/hexloop%ChakraCore/master/f24008eba24948da46eb254d548ba07f596cb8cf_patch/equal_file_patch/c459fea95.patch,8,40,6,0,0,0,122,48,74,5,2,3,6,0,6,197,36,161,120,26,94,97,38,59,0,0,0,25,13,20,96,36,73
637,./sourcecode1022/2019/CVE-2019-1308/hexloop%ChakraCore/master/f24008eba24948da46eb254d548ba07f596cb8cf_patch/equal_file_patch/f0b866d28.patch,10,40,6,0,0,0,122,48,74,5,2,3,6,0,6,197,36,161,120,26,94,97,38,59,0,0,0,25,13,20,96,36,73
638,./sourcecode1022/2019/CVE-2019-1308/hexloop%ChakraCore/master/f24008eba24948da46eb254d548ba07f596cb8cf_patch/equal_file_patch/b8dbdf1ee.patch,11,43,7,0,0,0,137,57,80,5,2,3,6,0,6,218,48,170,141,38,103,115,53,62,0,0,0,25,14,20,97,37,73
639,./sourcecode1022/2019/CVE-2019-13454/ImageMagick%ImageMagick/main/1ddcf2e4f280_patch/equal_file_patch/8e8a7ceba.patch,6,33,2,0,0,0,3,3,0,0,0,0,0,0,0,93,39,54,39,18,21,9,0,9,0,0,0,2,1,1,18,13,15
640,./sourcecode1022/2019/CVE-2019-13454/ImageMagick%ImageMagick/main/1ddcf2e4f280_patch/equal_file_patch/a2514e831.patch,3,9,1,0,0,0,3,3,0,0,0,0,0,0,0,21,3,18,15,6,9,9,0,9,0,0,0,1,1,0,9,5,6
641,./sourcecode1022/2019/CVE-2019-13454/ImageMagick%ImageMagick/main/1ddcf2e4f280_patch/equal_file_patch/347b82801.patch,6,33,2,0,0,0,3,3,0,0,0,0,0,0,0,93,39,54,39,18,21,9,0,9,0,0,0,2,1,1,18,13,15
642,./sourcecode1022/2019/CVE-2019-13454/ImageMagick%ImageMagick/main/1ddcf2e4f280_patch/equal_file_patch/57e7129d4.patch,6,45,2,0,0,0,15,9,6,0,0,0,0,0,0,123,57,66,69,36,33,9,0,9,0,0,0,5,3,4,24,19,20
643,./sourcecode1022/2019/CVE-2019-13454/ImageMagick%ImageMagick/main/1ddcf2e4f280_patch/equal_file_patch/3c9c25927.patch,6,33,2,0,0,0,3,3,0,0,0,0,0,0,0,93,39,54,39,18,21,9,0,9,0,0,0,2,1,1,18,13,15
644,./sourcecode1022/2019/CVE-2019-13454/ImageMagick%ImageMagick/main/1ddcf2e4f280_patch/equal_file_patch/2b8f120c7.patch,6,33,2,0,0,0,3,3,0,0,0,0,0,0,0,93,39,54,39,18,21,9,0,9,0,0,0,2,1,1,18,13,15
645,./sourcecode1022/2019/CVE-2019-13454/ImageMagick%ImageMagick/main/a77d8d97f5a7_patch/equal_file_patch/944a910a8.patch,12,69,3,0,0,0,3,3,0,0,0,0,0,0,0,222,105,117,39,18,21,75,33,42,0,0,0,5,4,4,42,38,39
646,./sourcecode1022/2019/CVE-2019-13454/ImageMagick%ImageMagick/main/a77d8d97f5a7_patch/equal_file_patch/8f8db6bc2.patch,12,69,3,0,0,0,3,3,0,0,0,0,0,0,0,222,105,117,39,18,21,75,33,42,0,0,0,5,4,4,42,38,39
647,./sourcecode1022/2019/CVE-2019-13454/ImageMagick%ImageMagick/main/a77d8d97f5a7_patch/equal_file_patch/4984ad61e.patch,12,51,3,0,0,0,3,3,0,0,0,0,0,0,0,222,105,117,39,18,21,75,33,42,0,0,0,5,4,4,40,36,37
648,./sourcecode1022/2019/CVE-2019-13454/ImageMagick%ImageMagick/main/a77d8d97f5a7_patch/equal_file_patch/d6da28b0e.patch,12,69,3,0,0,0,3,3,0,0,0,0,0,0,0,222,105,117,39,18,21,75,33,42,0,0,0,5,4,4,42,38,39
649,./sourcecode1022/2019/CVE-2019-13454/ImageMagick%ImageMagick/main/a77d8d97f5a7_patch/equal_file_patch/6e0408390.patch,12,45,3,0,0,0,3,3,0,0,0,0,0,0,0,150,69,81,15,6,9,75,33,42,0,0,0,5,4,4,34,31,31
650,./sourcecode1022/2019/CVE-2019-13454/ImageMagick%ImageMagick/main/a77d8d97f5a7_patch/equal_file_patch/cccffc386.patch,12,45,3,0,0,0,3,3,0,0,0,0,0,0,0,150,69,81,15,6,9,75,33,42,0,0,0,5,4,4,34,31,31
651,./sourcecode1022/2019/CVE-2019-13454/ImageMagick%ImageMagick6/main/4f31d78716ac_patch/equal_file_patch/2f967ebc7.patch,1,4,1,0,0,0,0,0,0,0,0,0,0,0,0,24,12,12,8,4,4,0,0,0,0,0,0,1,0,1,8,7,8
652,./sourcecode1022/2019/CVE-2019-13454/ImageMagick%ImageMagick6/main/4f31d78716ac_patch/equal_file_patch/8b7b17c8f.patch,1,4,1,0,0,0,0,0,0,0,0,0,0,0,0,24,12,12,8,4,4,0,0,0,0,0,0,1,0,1,8,7,8
653,./sourcecode1022/2019/CVE-2019-13454/ImageMagick%ImageMagick6/main/4f31d78716ac_patch/equal_file_patch/a3e3447c4.patch,1,4,1,0,0,0,0,0,0,0,0,0,0,0,0,24,12,12,8,4,4,0,0,0,0,0,0,1,0,1,8,7,8
654,./sourcecode1022/2019/CVE-2019-13454/ImageMagick%ImageMagick6/main/4f31d78716ac_patch/equal_file_patch/7703d3b2c.patch,1,4,1,0,0,0,0,0,0,0,0,0,0,0,0,24,12,12,8,4,4,0,0,0,0,0,0,1,0,1,8,7,8
655,./sourcecode1022/2019/CVE-2019-13454/ImageMagick%ImageMagick6/main/4f31d78716ac_patch/equal_file_patch/661c8a58a.patch,1,2,1,0,0,0,0,0,0,0,0,0,0,0,0,24,12,12,8,4,4,0,0,0,0,0,0,1,0,1,6,5,6
656,./sourcecode1022/2019/CVE-2019-13454/ImageMagick%ImageMagick6/main/4f31d78716ac_patch/equal_file_patch/a339e1f47.patch,1,4,1,0,0,0,0,0,0,0,0,0,0,0,0,24,12,12,8,4,4,0,0,0,0,0,0,1,0,1,8,7,8
657,./sourcecode1022/2019/CVE-2019-13454/ImageMagick%ImageMagick6/main/7d11230060fa_patch/equal_file_patch/ec9bd551e.patch,2,10,2,0,0,0,0,0,0,0,0,0,0,0,0,32,16,16,0,0,0,22,11,11,0,0,0,3,3,3,25,25,25
658,./sourcecode1022/2019/CVE-2019-13454/ImageMagick%ImageMagick6/main/7d11230060fa_patch/equal_file_patch/fd9443b46.patch,2,14,2,0,0,0,0,0,0,0,0,0,0,0,0,56,28,28,8,4,4,22,11,11,0,0,0,4,3,4,32,31,32
659,./sourcecode1022/2019/CVE-2019-13454/ImageMagick%ImageMagick6/main/7d11230060fa_patch/equal_file_patch/8a3fd4f13.patch,2,10,2,0,0,0,0,0,0,0,0,0,0,0,0,32,16,16,0,0,0,22,11,11,0,0,0,3,3,3,25,25,25
660,./sourcecode1022/2019/CVE-2019-13454/ImageMagick%ImageMagick6/main/7d11230060fa_patch/equal_file_patch/31c20c1b5.patch,2,14,2,0,0,0,0,0,0,0,0,0,0,0,0,56,28,28,8,4,4,22,11,11,0,0,0,4,3,4,32,31,32
661,./sourcecode1022/2019/CVE-2019-13454/ImageMagick%ImageMagick6/main/7d11230060fa_patch/equal_file_patch/aa0e4f74b.patch,2,14,2,0,0,0,0,0,0,0,0,0,0,0,0,56,28,28,8,4,4,22,11,11,0,0,0,4,3,4,32,31,32
662,./sourcecode1022/2019/CVE-2019-13454/ImageMagick%ImageMagick6/main/7d11230060fa_patch/equal_file_patch/53cb91b3e.patch,2,14,2,0,0,0,0,0,0,0,0,0,0,0,0,56,28,28,8,4,4,22,11,11,0,0,0,4,3,4,32,31,32
663,./sourcecode1022/2019/CVE-2019-14857/zmartzone%mod_auth_openidc/v3.x/40469266eea4_patch/equal_file_patch/f40d2e0.patch,16,56,1,8,8,0,504,464,40,288,280,8,40,16,24,1096,848,248,488,392,96,288,224,64,88,80,8,57,46,14,136,106,48
664,./sourcecode1022/2019/CVE-2019-14857/zmartzone%mod_auth_openidc/v3.x/40469266eea4_patch/equal_file_patch/df079394a379.patch,16,56,1,8,8,0,504,464,40,288,280,8,40,16,24,1096,848,248,488,392,96,288,224,64,88,80,8,57,46,14,136,106,48
665,./sourcecode1022/2019/CVE-2019-14857/zmartzone%mod_auth_openidc/v3.x/40469266eea4_patch/equal_file_patch/649bfef.patch,16,64,1,8,8,0,504,464,40,288,280,8,40,16,24,1128,848,280,504,392,112,296,224,72,88,80,8,58,46,15,137,106,49
666,./sourcecode1022/2019/CVE-2019-14857/zmartzone%mod_auth_openidc/v3.x/40469266eea4_patch/equal_file_patch/be16323a657b.patch,16,56,1,8,8,0,504,464,40,288,280,8,40,16,24,1096,848,248,488,392,96,288,224,64,88,80,8,57,46,14,136,106,48
667,./sourcecode1022/2019/CVE-2019-14857/zmartzone%mod_auth_openidc/v3.x/40469266eea4_patch/equal_file_patch/b578305ff731.patch,16,72,1,8,8,0,496,464,32,296,280,16,40,16,24,1088,848,240,496,392,104,288,224,64,88,80,8,57,46,14,132,106,43
668,./sourcecode1022/2019/CVE-2019-14857/zmartzone%mod_auth_openidc/v3.x/40469266eea4_patch/equal_file_patch/3a77c7227686.patch,16,64,1,8,8,0,504,464,40,288,280,8,40,16,24,1128,848,280,504,392,112,296,224,72,88,80,8,58,46,15,137,106,49
669,./sourcecode1022/2019/CVE-2019-1547/openssl%openssl/OpenSSL_1_0_0-stable/1a80d390219b_patch/equal_file_patch/08fac3fb6f.patch,3,21,1,12,6,6,21,6,15,6,0,6,0,0,0,75,30,45,63,24,39,3,0,3,3,0,3,6,5,6,16,11,16
670,./sourcecode1022/2019/CVE-2019-1547/openssl%openssl/OpenSSL_1_0_0-stable/1a80d390219b_patch/equal_file_patch/bfe4de7257.patch,3,21,1,12,6,6,21,6,15,6,0,6,0,0,0,75,30,45,63,24,39,3,0,3,3,0,3,6,5,6,16,11,16
671,./sourcecode1022/2019/CVE-2019-1547/openssl%openssl/OpenSSL_1_0_0-stable/1a80d390219b_patch/equal_file_patch/41da9188cc.patch,3,21,1,12,6,6,21,6,15,6,0,6,0,0,0,75,30,45,63,24,39,3,0,3,3,0,3,6,5,6,16,11,16
672,./sourcecode1022/2019/CVE-2019-1547/openssl%openssl/OpenSSL_1_0_0-stable/1a80d390219b_patch/equal_file_patch/016b92d112.patch,3,21,1,12,6,6,21,6,15,6,0,6,0,0,0,75,30,45,63,24,39,3,0,3,3,0,3,6,5,6,16,11,16
673,./sourcecode1022/2019/CVE-2019-1547/openssl%openssl/OpenSSL_1_0_0-stable/1a80d390219b_patch/equal_file_patch/3b12515180.patch,3,21,1,12,6,6,21,6,15,6,0,6,0,0,0,75,30,45,63,24,39,3,0,3,3,0,3,6,5,6,16,11,16
674,./sourcecode1022/2019/CVE-2019-1547/openssl%openssl/OpenSSL_1_0_0-stable/1a80d390219b_patch/equal_file_patch/23a79aac28.patch,3,21,1,12,6,6,21,6,15,6,0,6,0,0,0,75,30,45,63,24,39,3,0,3,3,0,3,6,5,6,16,11,16
675,./sourcecode1022/2019/CVE-2019-15794/delphix%linux-kernel-azure/master/bdc22284ef30_patch/equal_file_patch/d7d48fb58976.patch,1,2,1,0,0,0,0,0,0,0,0,0,0,0,0,2,0,2,1,0,1,0,0,0,0,0,0,1,0,1,3,0,3
676,./sourcecode1022/2019/CVE-2019-15794/delphix%linux-kernel-azure/master/bdc22284ef30_patch/equal_file_patch/48077844cf83.patch,1,1,1,0,0,0,0,0,0,0,0,0,0,0,0,2,0,2,1,0,1,0,0,0,0,0,0,0,0,0,3,0,3
677,./sourcecode1022/2019/CVE-2019-15794/delphix%linux-kernel-azure/master/bdc22284ef30_patch/equal_file_patch/9eac938c3206.patch,1,2,1,0,0,0,0,0,0,0,0,0,0,0,0,2,0,2,1,0,1,0,0,0,0,0,0,1,0,1,3,0,3
678,./sourcecode1022/2019/CVE-2019-15794/delphix%linux-kernel-azure/master/bdc22284ef30_patch/equal_file_patch/b3bdda24f1bc.patch,1,1,1,0,0,0,0,0,0,0,0,0,0,0,0,2,0,2,1,0,1,0,0,0,0,0,0,0,0,0,3,0,3
679,./sourcecode1022/2019/CVE-2019-15794/delphix%linux-kernel-azure/master/bdc22284ef30_patch/equal_file_patch/06db65a1a920.patch,1,1,1,0,0,0,0,0,0,0,0,0,0,0,0,2,0,2,1,0,1,0,0,0,0,0,0,0,0,0,3,0,3
680,./sourcecode1022/2019/CVE-2019-15794/delphix%linux-kernel-azure/master/bdc22284ef30_patch/equal_file_patch/1a1099363ae1.patch,1,1,1,0,0,0,0,0,0,0,0,0,0,0,0,2,0,2,1,0,1,0,0,0,0,0,0,0,0,0,3,0,3
681,./sourcecode1022/2019/CVE-2019-15794/delphix%linux-kernel-gcp/master/616d0ac0c4d9_patch/equal_file_patch/5dd6c347b839.patch,2,2,2,0,0,0,4,2,2,0,0,0,0,0,0,4,0,4,2,0,2,0,0,0,0,0,0,1,1,1,5,3,5
682,./sourcecode1022/2019/CVE-2019-15794/delphix%linux-kernel-gcp/master/616d0ac0c4d9_patch/equal_file_patch/65081024ccdd.patch,1,1,1,0,0,0,4,2,2,0,0,0,0,0,0,2,0,2,1,0,1,0,0,0,0,0,0,1,1,1,5,3,5
683,./sourcecode1022/2019/CVE-2019-15794/delphix%linux-kernel-gcp/master/616d0ac0c4d9_patch/equal_file_patch/639b1baa9c9f.patch,2,2,2,0,0,0,4,2,2,0,0,0,0,0,0,4,0,4,2,0,2,0,0,0,0,0,0,1,1,1,5,3,5
684,./sourcecode1022/2019/CVE-2019-15794/delphix%linux-kernel-gcp/master/616d0ac0c4d9_patch/equal_file_patch/534852f981f6.patch,2,2,2,0,0,0,4,2,2,0,0,0,0,0,0,4,0,4,2,0,2,0,0,0,0,0,0,1,1,1,5,3,5
685,./sourcecode1022/2019/CVE-2019-15794/delphix%linux-kernel-gcp/master/616d0ac0c4d9_patch/equal_file_patch/700720b32cc4.patch,1,1,1,0,0,0,4,2,2,0,0,0,0,0,0,2,0,2,1,0,1,0,0,0,0,0,0,1,1,1,5,3,5
686,./sourcecode1022/2019/CVE-2019-15794/delphix%linux-kernel-gcp/master/616d0ac0c4d9_patch/equal_file_patch/99c3831cca3b.patch,2,2,2,0,0,0,4,2,2,0,0,0,0,0,0,4,0,4,2,0,2,0,0,0,0,0,0,1,1,1,5,3,5
687,./sourcecode1022/2019/CVE-2019-19063/torvalds%linux/master/386403a115f9_patch/equal_file_patch/cb8e59cc8720.patch,1,2,1,1,0,1,2,1,1,0,0,0,0,0,0,2,1,1,2,1,1,2,1,1,0,0,0,1,0,1,3,2,3
688,./sourcecode1022/2019/CVE-2019-19063/torvalds%linux/master/386403a115f9_patch/equal_file_patch/9ff9b0d392ea.patch,1,2,1,1,0,1,2,1,1,0,0,0,0,0,0,2,1,1,2,1,1,2,1,1,0,0,0,1,0,1,3,2,3
689,./sourcecode1022/2019/CVE-2019-19063/torvalds%linux/master/386403a115f9_patch/equal_file_patch/d635a69dd498.patch,1,2,1,1,0,1,2,1,1,0,0,0,0,0,0,2,1,1,2,1,1,2,1,1,0,0,0,1,0,1,3,2,3
690,./sourcecode1022/2019/CVE-2019-19063/torvalds%linux/master/386403a115f9_patch/equal_file_patch/51e6d17809c8.patch,1,2,1,1,0,1,2,1,1,0,0,0,0,0,0,2,1,1,2,1,1,2,1,1,0,0,0,1,0,1,3,2,3
691,./sourcecode1022/2019/CVE-2019-19063/torvalds%linux/master/386403a115f9_patch/equal_file_patch/9d31d2338950.patch,1,4,1,1,0,1,2,1,1,0,0,0,0,0,0,5,3,2,3,1,2,5,1,4,1,0,1,2,0,2,8,4,6
692,./sourcecode1022/2019/CVE-2019-19063/torvalds%linux/master/386403a115f9_patch/equal_file_patch/a111daf0c53a.patch,1,5,1,1,0,1,2,1,1,0,0,0,0,0,0,5,3,2,3,1,2,5,1,4,1,0,1,4,1,3,13,9,11
693,./sourcecode1022/2019/CVE-2019-19069/torvalds%linux/master/da94001239cc_patch/equal_file_patch/88fe49249c99.patch,2,2,1,2,0,2,0,0,0,0,0,0,0,0,0,0,0,0,0,0,0,0,0,0,0,0,0,1,0,1,1,0,1
694,./sourcecode1022/2019/CVE-2019-19069/torvalds%linux/master/da94001239cc_patch/equal_file_patch/080eba785fe1.patch,2,2,1,2,0,2,0,0,0,0,0,0,0,0,0,0,0,0,0,0,0,0,0,0,0,0,0,1,0,1,1,0,1
695,./sourcecode1022/2019/CVE-2019-19069/torvalds%linux/master/da94001239cc_patch/equal_file_patch/a111daf0c53a.patch,6,26,4,10,4,6,20,4,16,16,4,12,4,0,4,48,16,32,30,16,14,32,0,32,14,0,14,17,8,12,30,11,25
696,./sourcecode1022/2019/CVE-2019-19069/torvalds%linux/master/da94001239cc_patch/equal_file_patch/5c904c66ed4e.patch,2,2,1,2,0,2,0,0,0,0,0,0,0,0,0,0,0,0,0,0,0,0,0,0,0,0,0,1,0,1,1,0,1
697,./sourcecode1022/2019/CVE-2019-19069/torvalds%linux/master/da94001239cc_patch/equal_file_patch/1d36dffa5d88.patch,2,2,1,2,0,2,0,0,0,0,0,0,0,0,0,0,0,0,0,0,0,0,0,0,0,0,0,1,0,1,1,0,1
698,./sourcecode1022/2019/CVE-2019-19069/torvalds%linux/master/da94001239cc_patch/equal_file_patch/6f9b5ed8cadd.patch,2,2,1,2,0,2,0,0,0,0,0,0,0,0,0,0,0,0,0,0,0,0,0,0,0,0,0,1,0,1,1,0,1
699,./sourcecode1022/2019/CVE-2019-19069/torvalds%linux/master/285859800696_patch/equal_file_patch/631d6914085b.patch,2,2,1,0,0,0,0,0,0,0,0,0,0,0,0,2,2,0,2,2,0,0,0,0,0,0,0,1,1,0,2,2,0
700,./sourcecode1022/2019/CVE-2019-19069/torvalds%linux/master/285859800696_patch/equal_file_patch/1626d9a35eb7.patch,2,2,1,0,0,0,0,0,0,0,0,0,0,0,0,2,2,0,2,2,0,0,0,0,0,0,0,1,1,0,2,2,0
701,./sourcecode1022/2019/CVE-2019-19069/torvalds%linux/master/285859800696_patch/equal_file_patch/668c3c237f5d.patch,2,2,1,0,0,0,0,0,0,0,0,0,0,0,0,2,2,0,2,2,0,0,0,0,2,2,0,4,3,1,6,6,3
702,./sourcecode1022/2019/CVE-2019-19069/torvalds%linux/master/285859800696_patch/equal_file_patch/285859800696.patch,2,2,1,0,0,0,0,0,0,0,0,0,0,0,0,2,2,0,2,2,0,0,0,0,0,0,0,1,1,0,2,2,0
703,./sourcecode1022/2019/CVE-2019-19069/torvalds%linux/master/285859800696_patch/equal_file_patch/10e2ec8edece.patch,2,2,1,0,0,0,0,0,0,0,0,0,0,0,0,2,2,0,2,2,0,0,0,0,0,0,0,1,1,0,2,2,0
704,./sourcecode1022/2019/CVE-2019-19069/torvalds%linux/master/285859800696_patch/equal_file_patch/0af5cb349a2c.patch,4,24,3,8,4,4,20,4,16,16,4,12,4,0,4,48,16,32,30,16,14,32,0,32,16,2,14,20,10,12,32,14,25
705,./sourcecode1022/2019/CVE-2019-19396/illumos%illumos-gate/master/704ca705399a_patch/equal_file_patch/1577b7ba68.patch,1,1,1,0,0,0,0,0,0,0,0,0,0,0,0,0,0,0,0,0,0,0,0,0,0,0,0,2,1,1,1,1,1
706,./sourcecode1022/2019/CVE-2019-19396/illumos%illumos-gate/master/704ca705399a_patch/equal_file_patch/f703164ba8.patch,1,1,1,0,0,0,0,0,0,0,0,0,0,0,0,0,0,0,0,0,0,0,0,0,0,0,0,2,1,1,1,1,1
707,./sourcecode1022/2019/CVE-2019-19396/illumos%illumos-gate/master/704ca705399a_patch/equal_file_patch/9b9e3196fd.patch,1,1,1,0,0,0,0,0,0,0,0,0,0,0,0,0,0,0,0,0,0,0,0,0,0,0,0,2,1,1,1,1,1
708,./sourcecode1022/2019/CVE-2019-19396/illumos%illumos-gate/master/704ca705399a_patch/equal_file_patch/85ba5240e8.patch,1,1,1,0,0,0,0,0,0,0,0,0,0,0,0,0,0,0,0,0,0,0,0,0,0,0,0,2,1,1,1,1,1
709,./sourcecode1022/2019/CVE-2019-19396/illumos%illumos-gate/master/704ca705399a_patch/equal_file_patch/7e63fc6f40.patch,1,1,1,0,0,0,0,0,0,0,0,0,0,0,0,0,0,0,0,0,0,0,0,0,0,0,0,2,1,1,1,1,1
710,./sourcecode1022/2019/CVE-2019-19396/illumos%illumos-gate/master/704ca705399a_patch/equal_file_patch/088ae41ea7.patch,1,1,1,0,0,0,0,0,0,0,0,0,0,0,0,0,0,0,0,0,0,0,0,0,0,0,0,2,1,1,1,1,1
711,./sourcecode1022/2019/CVE-2019-19527/torvalds%linux/master/f4eb1423e433_patch/equal_file_patch/e69ec487b2c7.patch,3,9,1,6,6,0,27,27,0,18,18,0,0,0,0,114,105,9,75,72,3,15,15,0,18,18,0,10,9,1,23,23,5
712,./sourcecode1022/2019/CVE-2019-19527/torvalds%linux/master/f4eb1423e433_patch/equal_file_patch/278de45e145b.patch,3,9,1,6,6,0,27,27,0,18,18,0,0,0,0,114,105,9,75,72,3,15,15,0,18,18,0,10,9,1,23,23,5
713,./sourcecode1022/2019/CVE-2019-19527/torvalds%linux/master/f4eb1423e433_patch/equal_file_patch/a111daf0c53a.patch,12,113,21,31,13,18,129,69,60,98,50,48,1,0,1,571,253,318,302,145,157,198,78,120,105,54,51,89,56,64,339,239,229
714,./sourcecode1022/2019/CVE-2019-19527/torvalds%linux/master/f4eb1423e433_patch/equal_file_patch/0da522107e5d.patch,3,3,1,0,0,0,3,0,3,3,0,3,0,0,0,12,0,12,6,0,6,3,0,3,0,0,0,0,0,0,6,0,6
715,./sourcecode1022/2019/CVE-2019-19527/torvalds%linux/master/f4eb1423e433_patch/equal_file_patch/2bf74771ca56.patch,3,9,1,6,6,0,27,27,0,18,18,0,0,0,0,114,105,9,75,72,3,15,15,0,18,18,0,10,9,1,23,23,5
716,./sourcecode1022/2019/CVE-2019-19527/torvalds%linux/master/f4eb1423e433_patch/equal_file_patch/0af5cb349a2c.patch,12,120,20,34,13,21,152,73,79,106,51,55,2,0,2,633,255,378,354,147,207,215,79,136,113,54,59,98,55,74,353,240,249
717,./sourcecode1022/2019/CVE-2019-20176/jedisct1%pure-ftpd/master/c2ef50635f41_patch/equal_file_patch/b48e010.patch,1,5,1,5,2,3,2,1,1,2,1,1,0,0,0,8,4,4,2,1,1,0,0,0,0,0,0,2,2,2,7,7,7
718,./sourcecode1022/2019/CVE-2019-20176/jedisct1%pure-ftpd/master/c2ef50635f41_patch/equal_file_patch/289f3b8.patch,1,5,1,5,2,3,2,1,1,2,1,1,0,0,0,8,4,4,2,1,1,0,0,0,0,0,0,2,2,2,7,7,7
719,./sourcecode1022/2019/CVE-2019-20176/jedisct1%pure-ftpd/master/c2ef50635f41_patch/equal_file_patch/4f26ce6.patch,1,5,1,5,2,3,2,1,1,2,1,1,0,0,0,8,4,4,2,1,1,0,0,0,0,0,0,2,2,2,7,7,7
720,./sourcecode1022/2019/CVE-2019-20176/jedisct1%pure-ftpd/master/c2ef50635f41_patch/equal_file_patch/9d25440.patch,1,5,1,5,2,3,2,1,1,2,1,1,0,0,0,8,4,4,2,1,1,0,0,0,0,0,0,2,2,2,7,7,7
721,./sourcecode1022/2019/CVE-2019-20176/jedisct1%pure-ftpd/master/c2ef50635f41_patch/equal_file_patch/58bd68a.patch,1,5,1,5,2,3,2,1,1,2,1,1,0,0,0,8,4,4,2,1,1,0,0,0,0,0,0,2,2,2,7,7,7
722,./sourcecode1022/2019/CVE-2019-20176/jedisct1%pure-ftpd/master/c2ef50635f41_patch/equal_file_patch/c2ef50635f41.patch,1,5,1,5,2,3,2,1,1,2,1,1,0,0,0,8,4,4,2,1,1,0,0,0,0,0,0,2,2,2,7,7,7
723,./sourcecode1022/2019/CVE-2019-3861/libssh2%libssh2/1.8.x/aa8b8afe4fe5_patch/equal_file_patch/141ac5b8569c.patch,4,8,1,0,0,0,0,0,0,8,4,4,0,0,0,24,12,12,16,8,8,0,0,0,8,0,8,0,0,0,5,3,3
724,./sourcecode1022/2019/CVE-2019-3861/libssh2%libssh2/1.8.x/aa8b8afe4fe5_patch/equal_file_patch/e0fe196.patch,4,24,1,0,0,0,24,8,16,24,12,12,4,4,0,80,36,44,28,16,12,24,12,12,32,16,16,6,4,5,26,17,24
725,./sourcecode1022/2019/CVE-2019-3861/libssh2%libssh2/1.8.x/aa8b8afe4fe5_patch/equal_file_patch/159120f.patch,4,8,1,0,0,0,0,0,0,8,4,4,0,0,0,24,12,12,16,8,8,0,0,0,8,0,8,0,0,0,5,3,3
726,./sourcecode1022/2019/CVE-2019-3861/libssh2%libssh2/1.8.x/aa8b8afe4fe5_patch/equal_file_patch/99e5547.patch,4,8,1,0,0,0,0,0,0,8,4,4,0,0,0,24,12,12,16,8,8,0,0,0,8,0,8,0,0,0,5,3,3
727,./sourcecode1022/2019/CVE-2019-3861/libssh2%libssh2/1.8.x/aa8b8afe4fe5_patch/equal_file_patch/86ca800.patch,4,24,1,0,0,0,16,8,8,24,12,12,4,4,0,80,36,44,28,16,12,24,12,12,32,16,16,6,4,5,26,17,24
728,./sourcecode1022/2019/CVE-2019-3861/libssh2%libssh2/1.8.x/aa8b8afe4fe5_patch/equal_file_patch/bebd14a011ed.patch,4,24,1,0,0,0,24,8,16,24,12,12,4,4,0,80,36,44,28,16,12,24,12,12,32,16,16,6,4,5,26,17,24
729,./sourcecode1022/2019/CVE-2019-7282/openssh%openssh-portable/V_9_0/6010c0303a42_patch/equal_file_patch/d6f507f3.patch,6,88,3,0,0,0,114,30,84,32,12,20,10,2,8,138,46,92,106,32,74,88,14,74,40,14,26,17,11,14,60,36,52
730,./sourcecode1022/2019/CVE-2019-7282/openssh%openssh-portable/V_9_0/6010c0303a42_patch/equal_file_patch/b5a89eec.patch,6,74,3,0,0,0,118,30,88,32,12,20,10,2,8,118,24,94,112,32,80,78,6,72,36,12,24,12,7,12,44,24,43
731,./sourcecode1022/2019/CVE-2019-7282/openssh%openssh-portable/V_9_0/6010c0303a42_patch/equal_file_patch/bb754b47.patch,6,108,3,6,0,6,180,36,144,54,12,42,14,2,12,228,48,180,144,38,106,142,20,122,64,18,46,40,14,38,121,44,115
732,./sourcecode1022/2019/CVE-2019-7282/openssh%openssh-portable/V_9_0/6010c0303a42_patch/equal_file_patch/b4a7c9d2.patch,6,74,3,0,0,0,118,30,88,32,12,20,10,2,8,118,24,94,112,32,80,78,6,72,36,12,24,12,7,12,44,24,43
733,./sourcecode1022/2019/CVE-2019-7282/openssh%openssh-portable/V_9_0/6010c0303a42_patch/equal_file_patch/6a710d3e.patch,6,74,3,0,0,0,118,30,88,32,12,20,10,2,8,118,24,94,112,32,80,78,6,72,36,12,24,12,7,12,44,24,43
734,./sourcecode1022/2019/CVE-2019-7282/openssh%openssh-portable/V_9_0/6010c0303a42_patch/equal_file_patch/0fa33683.patch,6,108,3,6,0,6,180,36,144,54,12,42,14,2,12,228,48,180,144,38,106,142,20,122,64,18,46,40,14,38,121,44,115
735,./sourcecode1022/2019/CVE-2019-7282/openssh%openssh-portable/V_9_0/391ffc4b9d31_patch/equal_file_patch/22d4beb7.patch,3,32,3,0,0,0,40,9,31,16,6,10,5,1,4,50,9,41,38,10,28,27,0,27,18,6,12,9,5,9,44,23,43
736,./sourcecode1022/2019/CVE-2019-7282/openssh%openssh-portable/V_9_0/391ffc4b9d31_patch/equal_file_patch/7775819c.patch,3,36,3,0,0,0,37,9,28,16,6,10,5,1,4,56,18,38,35,10,25,30,3,27,18,6,12,13,8,10,53,32,48
737,./sourcecode1022/2019/CVE-2019-7282/openssh%openssh-portable/V_9_0/391ffc4b9d31_patch/equal_file_patch/9f79e80d.patch,3,39,3,0,0,0,38,9,29,16,6,10,5,1,4,57,20,37,35,10,25,32,4,28,20,7,13,14,9,11,59,35,50
738,./sourcecode1022/2019/CVE-2019-7282/openssh%openssh-portable/V_9_0/391ffc4b9d31_patch/equal_file_patch/5732d580.patch,3,33,3,0,0,0,40,9,31,16,6,10,5,1,4,50,9,41,38,10,28,27,0,27,18,6,12,11,6,10,46,25,45
739,./sourcecode1022/2019/CVE-2019-7282/openssh%openssh-portable/V_9_0/391ffc4b9d31_patch/equal_file_patch/d25d630d.patch,3,36,3,0,0,0,40,9,31,16,6,10,5,1,4,53,12,41,38,10,28,27,0,27,18,6,12,11,6,10,50,28,48
740,./sourcecode1022/2019/CVE-2019-7282/openssh%openssh-portable/V_9_0/391ffc4b9d31_patch/equal_file_patch/569b650f.patch,3,32,3,0,0,0,40,9,31,16,6,10,5,1,4,50,9,41,38,10,28,27,0,27,18,6,12,9,5,9,44,23,43
741,./sourcecode1022/2019/CVE-2019-7351/ZoneMinder%zoneminder/add_mqtt/73a0de51b6f0_patch/equal_file_patch/3d0100851.patch,8,268,1,60,52,8,980,704,276,100,80,20,196,120,76,2460,1676,784,948,636,312,1272,956,316,304,236,68,98,77,46,455,396,184
742,./sourcecode1022/2019/CVE-2019-7351/ZoneMinder%zoneminder/add_mqtt/73a0de51b6f0_patch/equal_file_patch/0c1635b3b.patch,8,544,3,64,28,36,996,492,504,92,32,60,240,92,148,3040,1336,1704,1064,492,572,1644,744,900,360,220,140,91,69,79,463,356,386
743,./sourcecode1022/2019/CVE-2019-7351/ZoneMinder%zoneminder/add_mqtt/73a0de51b6f0_patch/equal_file_patch/ab9c538c3.patch,8,224,1,68,56,12,1116,848,268,124,88,36,220,132,88,2516,1732,784,1004,664,340,1356,1016,340,308,240,68,102,77,47,471,399,199
744,./sourcecode1022/2019/CVE-2019-7351/ZoneMinder%zoneminder/add_mqtt/73a0de51b6f0_patch/equal_file_patch/cbbb95182.patch,8,268,1,60,52,8,980,704,276,100,80,20,196,120,76,2460,1676,784,948,636,312,1272,956,316,304,236,68,98,77,46,455,396,184
745,./sourcecode1022/2019/CVE-2019-7351/ZoneMinder%zoneminder/add_mqtt/73a0de51b6f0_patch/equal_file_patch/22be24ccd.patch,8,572,3,68,28,40,1088,508,580,104,44,60,260,96,164,3560,1404,2156,1284,532,752,1760,772,988,376,220,156,99,70,85,508,360,427
746,./sourcecode1022/2019/CVE-2019-7351/ZoneMinder%zoneminder/add_mqtt/73a0de51b6f0_patch/equal_file_patch/2d062c1f9.patch,8,268,1,60,52,8,980,704,276,100,80,20,196,120,76,2460,1676,784,948,636,312,1272,956,316,304,236,68,98,77,46,455,396,184
747,./sourcecode1022/2019/CVE-2019-8842/apple%cups/master/82e3ee0e3230_patch/equal_file_patch/6918883fb.patch,1,1,1,0,0,0,0,0,0,0,0,0,0,0,0,3,2,1,0,0,0,0,0,0,1,0,1,0,0,0,5,5,5
748,./sourcecode1022/2019/CVE-2019-8842/apple%cups/master/82e3ee0e3230_patch/equal_file_patch/8cff6e8d9.patch,1,1,1,0,0,0,0,0,0,0,0,0,0,0,0,3,2,1,0,0,0,0,0,0,1,0,1,0,0,0,5,5,5
749,./sourcecode1022/2019/CVE-2019-8842/apple%cups/master/82e3ee0e3230_patch/equal_file_patch/3499fe16d.patch,1,1,1,0,0,0,0,0,0,0,0,0,0,0,0,3,2,1,0,0,0,0,0,0,1,0,1,0,0,0,5,5,5
750,./sourcecode1022/2019/CVE-2019-8842/apple%cups/master/82e3ee0e3230_patch/equal_file_patch/90a7970b9.patch,1,1,1,0,0,0,0,0,0,0,0,0,0,0,0,3,2,1,0,0,0,0,0,0,1,0,1,0,0,0,5,5,5
751,./sourcecode1022/2019/CVE-2019-8842/apple%cups/master/82e3ee0e3230_patch/equal_file_patch/ec055da67.patch,1,1,1,0,0,0,0,0,0,0,0,0,0,0,0,3,2,1,0,0,0,0,0,0,1,0,1,0,0,0,5,5,5
752,./sourcecode1022/2019/CVE-2019-9031/tbeu%matio/coverity_scan/a0539135c9b1ab7613aa7953279da9224da88775_patch/equal_file_patch/4c70427.patch,12,240,16,98,44,54,216,62,154,26,6,20,118,58,60,1776,866,910,938,424,514,218,96,122,96,32,64,18,15,17,110,90,98
753,./sourcecode1022/2019/CVE-2019-9031/tbeu%matio/coverity_scan/a0539135c9b1ab7613aa7953279da9224da88775_patch/equal_file_patch/717f2c8.patch,8,598,8,218,104,114,658,220,438,196,30,166,90,48,42,4062,2086,1976,2084,994,1090,354,230,124,318,100,218,60,46,44,193,162,152
754,./sourcecode1022/2019/CVE-2019-9031/tbeu%matio/coverity_scan/a0539135c9b1ab7613aa7953279da9224da88775_patch/equal_file_patch/4e6cc2e.patch,8,910,7,286,130,156,1204,522,682,426,190,236,202,104,98,8276,4642,3634,3902,2292,1610,652,406,246,360,118,242,85,69,72,312,264,272
755,./sourcecode1022/2019/CVE-2019-9031/tbeu%matio/coverity_scan/a0539135c9b1ab7613aa7953279da9224da88775_patch/equal_file_patch/5e73234.patch,8,916,7,288,130,158,1212,524,688,436,194,242,204,104,100,8312,4652,3660,3910,2294,1616,650,404,246,362,118,244,85,69,71,314,264,274
756,./sourcecode1022/2019/CVE-2019-9031/tbeu%matio/coverity_scan/a0539135c9b1ab7613aa7953279da9224da88775_patch/equal_file_patch/3c0edef.patch,4,78,6,24,12,12,72,40,32,20,16,4,34,18,16,662,410,252,374,240,134,78,40,38,8,0,8,14,9,9,84,73,65
757,./sourcecode1022/2019/CVE-2019-9031/tbeu%matio/coverity_scan/a0539135c9b1ab7613aa7953279da9224da88775_patch/equal_file_patch/441f328.patch,4,64,3,28,12,16,62,20,42,26,14,12,22,12,10,434,266,168,218,144,74,48,26,22,8,0,8,19,9,13,94,75,73
758,./sourcecode1022/2019/CVE-2019-9031/tbeu%matio/coverity_scan/2c20d2178017b3eb13ab160cef239648f9915bdb_patch/equal_file_patch/d616904.patch,4,58,7,24,12,12,64,48,16,32,28,4,20,12,8,682,510,172,412,316,96,52,38,14,8,0,8,13,9,7,86,76,59
759,./sourcecode1022/2019/CVE-2019-9031/tbeu%matio/coverity_scan/2c20d2178017b3eb13ab160cef239648f9915bdb_patch/equal_file_patch/f03c68d.patch,8,224,14,76,44,32,274,148,126,70,22,48,56,30,26,1722,1036,686,880,542,338,120,62,58,112,50,62,33,26,25,153,136,118
760,./sourcecode1022/2019/CVE-2019-9031/tbeu%matio/coverity_scan/2c20d2178017b3eb13ab160cef239648f9915bdb_patch/equal_file_patch/3c0edef.patch,4,58,7,24,12,12,64,48,16,32,28,4,20,12,8,682,510,172,412,316,96,52,38,14,8,0,8,13,9,7,86,76,59
761,./sourcecode1022/2019/CVE-2019-9031/tbeu%matio/coverity_scan/2c20d2178017b3eb13ab160cef239648f9915bdb_patch/equal_file_patch/441f328.patch,6,146,4,36,14,22,230,146,84,178,128,50,40,28,12,1842,1486,356,1112,958,154,168,128,40,8,0,8,30,17,20,132,98,110
762,./sourcecode1022/2019/CVE-2019-9031/tbeu%matio/coverity_scan/2c20d2178017b3eb13ab160cef239648f9915bdb_patch/equal_file_patch/b9d6cf2.patch,4,60,7,24,12,12,64,48,16,32,28,4,20,12,8,692,516,176,416,318,98,52,38,14,8,0,8,15,10,8,86,76,60
763,./sourcecode1022/2019/CVE-2019-9031/tbeu%matio/coverity_scan/2c20d2178017b3eb13ab160cef239648f9915bdb_patch/equal_file_patch/efeffc7.patch,6,254,3,130,58,72,352,174,178,196,132,64,54,30,24,3018,1992,1026,1560,1140,420,222,146,76,96,34,62,36,22,26,203,160,183
764,./sourcecode1022/2019/CVE-2019-9433/webmproject%libvpx/bitstream-analyzer/ed217fe372f5_patch/equal_file_patch/9a9c01217.patch,1,1,1,0,0,0,0,0,0,0,0,0,0,0,0,6,3,3,2,1,1,0,0,0,0,0,0,0,0,0,5,4,4
765,./sourcecode1022/2019/CVE-2019-9433/webmproject%libvpx/bitstream-analyzer/ed217fe372f5_patch/equal_file_patch/33df6acb2.patch,1,1,1,0,0,0,0,0,0,0,0,0,0,0,0,6,3,3,2,1,1,0,0,0,0,0,0,0,0,0,5,4,4
766,./sourcecode1022/2019/CVE-2019-9433/webmproject%libvpx/bitstream-analyzer/ed217fe372f5_patch/equal_file_patch/dce9e8a56.patch,1,1,1,0,0,0,0,0,0,0,0,0,0,0,0,6,3,3,2,1,1,0,0,0,0,0,0,0,0,0,5,4,4
767,./sourcecode1022/2019/CVE-2019-9433/webmproject%libvpx/bitstream-analyzer/ed217fe372f5_patch/equal_file_patch/5f914dd90.patch,1,1,1,0,0,0,0,0,0,0,0,0,0,0,0,6,3,3,2,1,1,0,0,0,0,0,0,0,0,0,5,4,4
768,./sourcecode1022/2019/CVE-2019-9433/webmproject%libvpx/bitstream-analyzer/ed217fe372f5_patch/equal_file_patch/4fc3dadb3.patch,1,1,1,0,0,0,0,0,0,0,0,0,0,0,0,6,3,3,2,1,1,0,0,0,0,0,0,0,0,0,5,4,4
769,./sourcecode1022/2019/CVE-2019-9433/webmproject%libvpx/bitstream-analyzer/ed217fe372f5_patch/equal_file_patch/9987c4845.patch,1,1,1,0,0,0,0,0,0,0,0,0,0,0,0,6,3,3,2,1,1,0,0,0,0,0,0,0,0,0,5,4,4
770,./sourcecode1022/2020/CVE-2020-0030/torvalds%linux/master/bb17186a3e6d_patch/equal_file_patch/cdab10bf3285.patch,1,5,1,0,0,0,3,0,3,0,0,0,0,0,0,7,0,7,6,0,6,1,0,1,4,0,4,3,0,3,7,0,7
771,./sourcecode1022/2020/CVE-2020-0030/torvalds%linux/master/bb17186a3e6d_patch/equal_file_patch/50f09a3dd587.patch,1,5,1,0,0,0,3,0,3,0,0,0,0,0,0,7,0,7,6,0,6,1,0,1,4,0,4,3,0,3,7,0,7
772,./sourcecode1022/2020/CVE-2020-0030/torvalds%linux/master/bb17186a3e6d_patch/equal_file_patch/45763bf4bc1e.patch,1,4,1,0,0,0,3,0,3,0,0,0,0,0,0,4,0,4,4,0,4,0,0,0,4,0,4,3,0,3,5,0,5
773,./sourcecode1022/2020/CVE-2020-0030/torvalds%linux/master/bb17186a3e6d_patch/equal_file_patch/1785d116124f.patch,1,4,1,0,0,0,3,0,3,0,0,0,0,0,0,4,0,4,4,0,4,0,0,0,4,0,4,3,0,3,5,0,5
774,./sourcecode1022/2020/CVE-2020-0030/torvalds%linux/master/bb17186a3e6d_patch/equal_file_patch/1bff7d7e8c48.patch,1,5,1,0,0,0,3,0,3,0,0,0,0,0,0,7,0,7,6,0,6,1,0,1,4,0,4,3,0,3,7,0,7
775,./sourcecode1022/2020/CVE-2020-0030/torvalds%linux/master/bb17186a3e6d_patch/equal_file_patch/da94001239cc.patch,1,4,1,0,0,0,3,0,3,0,0,0,0,0,0,4,0,4,4,0,4,0,0,0,4,0,4,3,0,3,5,0,5
776,./sourcecode1022/2020/CVE-2020-14198/bitcoin%bitcoin/23.x/37c6389c5a0ca63ae3573440ecdfe95d28ad8f07_patch/equal_file_patch/2ae58d5bf.patch,2,5,1,0,0,0,3,0,3,4,0,4,6,0,6,64,0,64,39,8,31,23,4,19,45,1,44,21,1,20,59,7,59
777,./sourcecode1022/2020/CVE-2020-14198/bitcoin%bitcoin/23.x/37c6389c5a0ca63ae3573440ecdfe95d28ad8f07_patch/equal_file_patch/7c09e209e.patch,2,7,1,2,1,1,10,3,7,5,0,5,9,0,9,89,2,87,43,10,33,33,6,27,44,1,43,23,2,22,109,27,109
778,./sourcecode1022/2020/CVE-2020-14198/bitcoin%bitcoin/23.x/37c6389c5a0ca63ae3573440ecdfe95d28ad8f07_patch/equal_file_patch/19be26afe.patch,2,4,1,0,0,0,3,0,3,4,0,4,5,0,5,64,0,64,39,8,31,22,4,18,43,0,43,20,0,20,55,3,55
779,./sourcecode1022/2020/CVE-2020-14198/bitcoin%bitcoin/23.x/37c6389c5a0ca63ae3573440ecdfe95d28ad8f07_patch/equal_file_patch/6a8be7ba9.patch,3,169,4,24,6,18,558,137,421,88,11,77,76,13,63,1908,323,1585,828,165,663,770,171,599,178,29,149,241,81,213,1295,385,1193
780,./sourcecode1022/2020/CVE-2020-14198/bitcoin%bitcoin/23.x/37c6389c5a0ca63ae3573440ecdfe95d28ad8f07_patch/equal_file_patch/a1136f0cb.patch,2,5,1,0,0,0,3,0,3,4,0,4,6,0,6,64,0,64,39,8,31,23,4,19,45,1,44,21,1,20,59,7,59
781,./sourcecode1022/2020/CVE-2020-14198/bitcoin%bitcoin/23.x/37c6389c5a0ca63ae3573440ecdfe95d28ad8f07_patch/equal_file_patch/5b3b5a7d7.patch,3,131,4,12,4,8,322,95,227,43,7,36,35,8,27,1041,214,827,418,97,321,435,117,318,71,17,54,154,62,139,838,294,779
782,./sourcecode1022/2020/CVE-2020-15683/sctplab%usrsctp/master/ffed0925f27d404173c1e3e750d818f432d2c019_patch/equal_file_patch/4867d7c.patch,1,1,1,0,0,0,0,0,0,0,0,0,0,0,0,1,0,1,0,0,0,0,0,0,0,0,0,0,0,0,2,0,2
783,./sourcecode1022/2020/CVE-2020-15683/sctplab%usrsctp/master/ffed0925f27d404173c1e3e750d818f432d2c019_patch/equal_file_patch/7c31bd3.patch,1,5,1,0,0,0,0,0,0,0,0,0,0,0,0,33,16,17,20,10,10,14,7,7,0,0,0,1,1,1,12,9,11
784,./sourcecode1022/2020/CVE-2020-15683/sctplab%usrsctp/master/ffed0925f27d404173c1e3e750d818f432d2c019_patch/equal_file_patch/817dbde.patch,1,5,1,0,0,0,0,0,0,0,0,0,0,0,0,33,16,17,20,10,10,14,7,7,0,0,0,1,1,1,12,9,11
785,./sourcecode1022/2020/CVE-2020-15683/sctplab%usrsctp/master/ffed0925f27d404173c1e3e750d818f432d2c019_patch/equal_file_patch/b6b96d3.patch,1,5,1,0,0,0,0,0,0,0,0,0,0,0,0,33,16,17,20,10,10,14,7,7,0,0,0,1,1,1,12,9,11
786,./sourcecode1022/2020/CVE-2020-15683/sctplab%usrsctp/master/ffed0925f27d404173c1e3e750d818f432d2c019_patch/equal_file_patch/c779e07.patch,1,4,1,0,0,0,0,0,0,0,0,0,0,0,0,25,12,13,12,6,6,6,3,3,0,0,0,0,0,0,10,7,9
787,./sourcecode1022/2020/CVE-2020-15683/sctplab%usrsctp/master/ffed0925f27d404173c1e3e750d818f432d2c019_patch/equal_file_patch/0db9691.patch,1,4,1,0,0,0,0,0,0,0,0,0,0,0,0,25,12,13,12,6,6,6,3,3,0,0,0,0,0,0,10,7,9
788,./sourcecode1022/2020/CVE-2020-1712/systemd%systemd/main/ea0d0ede03c6_patch/equal_file_patch/4c6dd238b8.patch,7,57,17,28,16,12,81,60,21,53,32,21,6,5,1,297,186,111,73,43,30,196,126,70,35,25,10,89,58,46,337,197,223
789,./sourcecode1022/2020/CVE-2020-1712/systemd%systemd/main/ea0d0ede03c6_patch/equal_file_patch/2baec39665.patch,7,75,22,28,16,12,82,61,21,80,46,34,8,6,2,312,195,117,79,47,32,264,160,104,41,28,13,95,63,49,365,228,260
790,./sourcecode1022/2020/CVE-2020-1712/systemd%systemd/main/ea0d0ede03c6_patch/equal_file_patch/05c7d9bf5b.patch,2,31,4,12,4,8,20,9,11,23,8,15,1,0,1,103,52,51,42,18,24,42,19,23,6,3,3,38,20,26,53,35,41
791,./sourcecode1022/2020/CVE-2020-1712/systemd%systemd/main/ea0d0ede03c6_patch/equal_file_patch/f34173a048.patch,7,62,18,28,16,12,82,61,21,54,33,21,6,5,1,312,195,117,79,47,32,196,126,70,41,28,13,95,63,50,342,202,227
792,./sourcecode1022/2020/CVE-2020-1712/systemd%systemd/main/ea0d0ede03c6_patch/equal_file_patch/269412ef44.patch,6,40,12,25,13,12,25,9,16,25,9,16,1,0,1,178,86,92,46,20,26,86,39,47,9,4,5,52,24,39,201,56,190
793,./sourcecode1022/2020/CVE-2020-1712/systemd%systemd/main/ea0d0ede03c6_patch/equal_file_patch/68b5003bc1.patch,2,31,4,12,4,8,20,9,11,23,8,15,1,0,1,103,52,51,42,18,24,42,19,23,6,3,3,38,20,26,53,35,41
794,./sourcecode1022/2020/CVE-2020-22026/FFmpeg%FFmpeg/master/9ffa49496d1a_patch/equal_file_patch/18fceb9926.patch,1,2,1,0,0,0,1,0,1,1,0,1,0,0,0,2,1,1,1,0,1,0,0,0,2,1,1,2,1,1,7,5,6
795,./sourcecode1022/2020/CVE-2020-22026/FFmpeg%FFmpeg/master/9ffa49496d1a_patch/equal_file_patch/2cb0cebd11.patch,1,2,1,0,0,0,1,0,1,1,0,1,0,0,0,2,1,1,1,0,1,0,0,0,2,1,1,2,1,1,7,5,6
796,./sourcecode1022/2020/CVE-2020-22026/FFmpeg%FFmpeg/master/9ffa49496d1a_patch/equal_file_patch/4de4bc06fd.patch,1,2,1,0,0,0,1,0,1,1,0,1,0,0,0,2,1,1,1,0,1,0,0,0,2,1,1,2,1,1,7,5,6
797,./sourcecode1022/2020/CVE-2020-22026/FFmpeg%FFmpeg/master/9ffa49496d1a_patch/equal_file_patch/00ae20dfb4.patch,1,2,1,0,0,0,1,0,1,1,0,1,0,0,0,2,1,1,1,0,1,0,0,0,2,1,1,2,1,1,7,5,6
798,./sourcecode1022/2020/CVE-2020-22026/FFmpeg%FFmpeg/master/9ffa49496d1a_patch/equal_file_patch/16fc8cef74.patch,1,2,1,0,0,0,1,0,1,1,0,1,0,0,0,2,1,1,1,0,1,0,0,0,2,1,1,2,1,1,7,5,6
799,./sourcecode1022/2020/CVE-2020-22026/FFmpeg%FFmpeg/master/9ffa49496d1a_patch/equal_file_patch/0d0ea70e7b.patch,1,2,1,0,0,0,1,0,1,1,0,1,0,0,0,2,1,1,1,0,1,0,0,0,2,1,1,2,1,1,7,5,6
800,./sourcecode1022/2020/CVE-2020-27347/tmux%tmux/master/a868bacb46e3c900530bed47a1c6f85b0fbe701c_patch/equal_file_patch/bf14bf62.patch,1,2,1,1,0,1,3,1,2,1,0,1,0,0,0,0,0,0,1,0,1,0,0,0,0,0,0,2,0,2,3,0,3
801,./sourcecode1022/2020/CVE-2020-27347/tmux%tmux/master/a868bacb46e3c900530bed47a1c6f85b0fbe701c_patch/equal_file_patch/83cd593b.patch,1,2,1,1,0,1,3,1,2,1,0,1,0,0,0,0,0,0,1,0,1,0,0,0,0,0,0,2,0,2,3,0,3
802,./sourcecode1022/2020/CVE-2020-27347/tmux%tmux/master/a868bacb46e3c900530bed47a1c6f85b0fbe701c_patch/equal_file_patch/9abf5d9f.patch,1,2,1,1,0,1,3,1,2,1,0,1,0,0,0,0,0,0,1,0,1,0,0,0,0,0,0,2,0,2,3,0,3
803,./sourcecode1022/2020/CVE-2020-27347/tmux%tmux/master/a868bacb46e3c900530bed47a1c6f85b0fbe701c_patch/equal_file_patch/af596c08.patch,1,2,1,1,0,1,3,1,2,1,0,1,0,0,0,0,0,0,1,0,1,0,0,0,0,0,0,2,0,2,3,0,3
804,./sourcecode1022/2020/CVE-2020-27347/tmux%tmux/master/a868bacb46e3c900530bed47a1c6f85b0fbe701c_patch/equal_file_patch/c77924bb.patch,1,2,1,1,0,1,3,1,2,1,0,1,0,0,0,0,0,0,1,0,1,0,0,0,0,0,0,2,0,2,3,0,3
805,./sourcecode1022/2020/CVE-2020-27347/tmux%tmux/master/a868bacb46e3c900530bed47a1c6f85b0fbe701c_patch/equal_file_patch/1b7afd51.patch,1,2,1,1,0,1,3,1,2,1,0,1,0,0,0,0,0,0,1,0,1,0,0,0,0,0,0,2,0,2,3,0,3
806,./sourcecode1022/2020/CVE-2020-29129/kheubaum%libslirp/master/65a228860cea_patch/equal_file_patch/65a228860cea.patch,2,2,1,2,0,2,2,0,2,2,0,2,0,0,0,2,0,2,2,0,2,0,0,0,0,0,0,0,0,0,3,0,3
807,./sourcecode1022/2020/CVE-2020-29129/kheubaum%libslirp/master/65a228860cea_patch/equal_file_patch/5c5d4c4.patch,2,2,1,2,0,2,2,0,2,2,0,2,0,0,0,2,0,2,2,0,2,0,0,0,0,0,0,0,0,0,3,0,3
808,./sourcecode1022/2020/CVE-2020-29129/kheubaum%libslirp/master/65a228860cea_patch/equal_file_patch/5695ba4dcf38.patch,2,4,1,2,0,2,2,0,2,2,0,2,0,0,0,10,4,6,2,0,2,0,0,0,0,0,0,1,1,1,8,4,7
809,./sourcecode1022/2020/CVE-2020-29129/kheubaum%libslirp/master/65a228860cea_patch/equal_file_patch/84579d0.patch,2,2,1,2,0,2,2,0,2,2,0,2,0,0,0,2,0,2,2,0,2,0,0,0,0,0,0,0,0,0,3,0,3
810,./sourcecode1022/2020/CVE-2020-29129/kheubaum%libslirp/master/65a228860cea_patch/equal_file_patch/5dce846.patch,2,2,1,2,0,2,2,0,2,2,0,2,0,0,0,2,0,2,2,0,2,0,0,0,0,0,0,0,0,0,3,0,3
811,./sourcecode1022/2020/CVE-2020-29129/kheubaum%libslirp/master/65a228860cea_patch/equal_file_patch/2b0ef5b.patch,2,4,1,2,0,2,2,0,2,2,0,2,0,0,0,10,4,6,2,0,2,0,0,0,0,0,0,1,1,1,8,4,7
812,./sourcecode1022/2020/CVE-2020-35498/openvswitch%ovs/branch-2.5/53c1b8b166f3dd217bc391d707885f789e9ecc49_patch/equal_file_patch/53c2dc020.patch,1,41,2,19,11,8,153,101,52,27,13,14,1,0,1,185,116,69,89,45,44,44,31,13,65,42,23,52,46,23,132,105,79
813,./sourcecode1022/2020/CVE-2020-35498/openvswitch%ovs/branch-2.5/79cec1a736b91548ec882d840986a11affda1068_patch/equal_file_patch/53c2dc020.patch,1,45,2,15,9,6,145,94,51,27,13,14,1,0,1,186,119,67,87,44,43,44,31,13,57,36,21,52,46,23,127,100,78
814,./sourcecode1022/2020/CVE-2020-35498/openvswitch%ovs/branch-2.5/3512fb512c76a1f08eba4005aa2eb69160d0840e_patch/equal_file_patch/53c2dc020.patch,1,40,2,19,11,8,153,100,53,27,13,14,1,0,1,189,119,70,89,44,45,45,32,13,65,42,23,53,47,23,132,105,79
815,./sourcecode1022/2020/CVE-2020-35498/openvswitch%ovs/branch-2.5/48ceca0446b1c2c2c03e7551048c5b19ed23cc97_patch/equal_file_patch/53c2dc020.patch,1,41,2,11,7,4,124,82,42,14,6,8,1,0,1,129,75,54,65,33,32,35,23,12,40,23,17,38,34,19,106,83,70
816,./sourcecode1022/2020/CVE-2020-35498/openvswitch%ovs/branch-2.5/79349cbab0b2a755140eedb91833ad2760520a83_patch/equal_file_patch/53c2dc020.patch,1,40,2,19,11,8,153,100,53,27,13,14,1,0,1,185,115,70,88,43,45,45,32,13,65,42,23,53,47,23,132,105,79
817,./sourcecode1022/2020/CVE-2020-35498/openvswitch%ovs/branch-2.5/0625dc79aec73b966f206e55655a2816696246d0_patch/equal_file_patch/53c2dc020.patch,1,40,2,19,11,8,153,100,53,27,13,14,1,0,1,185,115,70,88,43,45,45,32,13,65,42,23,53,47,23,132,105,79
818,./sourcecode1022/2020/CVE-2020-35498/openvswitch%ovs/branch-2.5/abd7a457652e6734902720fe6a5dddb3fc0d1e3b_patch/equal_file_patch/53c2dc020.patch,1,45,2,15,9,6,145,94,51,27,13,14,1,0,1,186,119,67,87,44,43,44,31,13,57,36,21,52,46,23,127,100,78
819,./sourcecode1022/2020/CVE-2020-35498/openvswitch%ovs/branch-2.5/354e7d860e444fd1472541b0fdc3b8678aa74828_patch/equal_file_patch/53c2dc020.patch,1,2,1,0,0,0,4,2,2,0,0,0,0,0,0,4,2,2,4,2,2,0,0,0,0,0,0,1,1,1,5,4,4
820,./sourcecode1022/2020/CVE-2020-35498/openvswitch%ovs/branch-2.5/59b588604b89e85b463984ba08a99badb4fcba15_patch/equal_file_patch/53c2dc020.patch,1,40,2,19,11,8,153,100,53,27,13,14,1,0,1,185,115,70,88,43,45,45,32,13,65,42,23,53,47,23,132,105,79
821,./sourcecode1022/2020/CVE-2020-35498/openvswitch%ovs/branch-2.5/ad0d22f6435b43ecfc30c0e877d490d36721f200_patch/equal_file_patch/53c2dc020.patch,1,20,2,2,1,1,61,30,31,12,5,7,1,0,1,45,17,28,31,8,23,12,2,10,20,10,10,21,17,10,57,33,43
822,./sourcecode1022/2020/CVE-2020-35498/openvswitch%ovs/branch-2.5/35c280072c1c3ed58202745b7d27fbbd0736999b_patch/equal_file_patch/53c2dc020.patch,1,41,2,11,7,4,127,85,42,14,6,8,1,0,1,129,75,54,67,35,32,35,23,12,40,23,17,38,34,19,109,86,70
823,./sourcecode1022/2020/CVE-2020-35498/openvswitch%ovs/branch-2.5/673c08eee8c8d4f2999ddd31524de7ff0f72b559_patch/equal_file_patch/53c2dc020.patch,6,120,2,12,6,6,366,180,186,72,30,42,6,0,6,270,102,168,186,48,138,72,12,60,120,60,60,21,17,10,57,33,43
824,./sourcecode1022/2020/CVE-2020-35499/torvalds%linux/master/d635a69dd498_patch/equal_file_patch/9d31d2338950.patch,1,1,1,0,0,0,1,0,1,1,0,1,0,0,0,3,0,3,2,0,2,0,0,0,0,0,0,0,0,0,5,0,5
825,./sourcecode1022/2020/CVE-2020-35499/torvalds%linux/master/d635a69dd498_patch/equal_file_patch/a111daf0c53a.patch,1,4,2,5,0,5,15,0,15,12,0,12,4,0,4,85,1,84,31,0,31,12,0,12,8,0,8,11,1,11,49,3,48
826,./sourcecode1022/2020/CVE-2020-35499/torvalds%linux/master/d635a69dd498_patch/equal_file_patch/d635a69dd498.patch,1,1,1,0,0,0,1,0,1,1,0,1,0,0,0,3,0,3,2,0,2,0,0,0,0,0,0,0,0,0,5,0,5
827,./sourcecode1022/2020/CVE-2020-35499/torvalds%linux/master/d635a69dd498_patch/equal_file_patch/0af5cb349a2c.patch,1,4,2,5,0,5,15,0,15,12,0,12,4,0,4,85,1,84,31,0,31,12,0,12,8,0,8,11,1,11,49,3,48
828,./sourcecode1022/2020/CVE-2020-35499/torvalds%linux/master/d635a69dd498_patch/equal_file_patch/7e062cda7d90.patch,1,4,2,5,0,5,15,0,15,12,0,12,4,0,4,85,1,84,31,0,31,12,0,12,8,0,8,11,1,11,49,3,48
829,./sourcecode1022/2020/CVE-2020-35499/torvalds%linux/master/d635a69dd498_patch/equal_file_patch/fc02cb2b37fe.patch,1,4,2,5,0,5,15,0,15,12,0,12,4,0,4,85,1,84,31,0,31,12,0,12,8,0,8,11,1,11,49,3,48
830,./sourcecode1022/2020/CVE-2020-35655/chris34%pillow/main/b01f88716d22_patch/equal_file_patch/df1f6b4.patch,3,21,1,0,0,0,15,6,9,27,12,15,3,0,3,111,42,69,72,27,45,30,12,18,0,0,0,0,0,0,30,11,29
831,./sourcecode1022/2020/CVE-2020-35655/chris34%pillow/main/b01f88716d22_patch/equal_file_patch/af056be8b046.patch,3,48,1,3,3,0,24,9,15,30,12,18,6,0,6,321,153,168,210,99,111,57,24,33,30,12,18,3,3,3,43,24,40
832,./sourcecode1022/2020/CVE-2020-35655/chris34%pillow/main/b01f88716d22_patch/equal_file_patch/b01f88716d22.patch,3,21,1,0,0,0,15,6,9,27,12,15,3,0,3,111,42,69,72,27,45,30,12,18,0,0,0,0,0,0,30,11,29
833,./sourcecode1022/2020/CVE-2020-35655/chris34%pillow/main/b01f88716d22_patch/equal_file_patch/19e3749.patch,3,48,1,3,3,0,24,9,15,30,12,18,6,0,6,321,153,168,210,99,111,57,24,33,30,12,18,3,3,3,43,24,40
834,./sourcecode1022/2020/CVE-2020-35655/python-pillow%Pillow/9.2.x/120eea2e4547_patch/equal_file_patch/120eea2e4547.patch,2,14,1,0,0,0,10,4,6,18,8,10,2,0,2,74,28,46,48,18,30,20,8,12,0,0,0,0,0,0,30,11,29
835,./sourcecode1022/2020/CVE-2020-35655/python-pillow%Pillow/9.2.x/120eea2e4547_patch/equal_file_patch/63f64de8b.patch,2,36,1,6,4,2,32,18,14,18,10,8,18,8,10,360,202,158,254,142,112,66,36,30,20,8,12,3,3,3,39,35,36
836,./sourcecode1022/2020/CVE-2020-35655/python-pillow%Pillow/9.2.x/120eea2e4547_patch/equal_file_patch/25165c1f0.patch,2,36,1,6,4,2,32,18,14,18,10,8,18,8,10,360,202,158,254,142,112,66,36,30,20,8,12,3,3,3,39,35,36
837,./sourcecode1022/2020/CVE-2020-35655/python-pillow%Pillow/9.2.x/120eea2e4547_patch/equal_file_patch/4044ecc1f.patch,2,36,1,6,4,2,32,18,14,18,10,8,18,8,10,360,202,158,254,142,112,66,36,30,20,8,12,3,3,3,39,35,36
838,./sourcecode1022/2020/CVE-2020-35655/python-pillow%Pillow/9.2.x/120eea2e4547_patch/equal_file_patch/730e24e16.patch,2,36,1,6,4,2,32,18,14,18,10,8,18,8,10,360,202,158,254,142,112,66,36,30,20,8,12,3,3,3,39,35,36
839,./sourcecode1022/2020/CVE-2020-35655/python-pillow%Pillow/9.2.x/120eea2e4547_patch/equal_file_patch/19aa2b60f.patch,2,36,1,6,4,2,32,18,14,18,10,8,18,8,10,360,202,158,254,142,112,66,36,30,20,8,12,3,3,3,39,35,36
840,./sourcecode1022/2020/CVE-2020-35655/Aebi0829%pillow/8.1.x/120eea2e4547_patch/equal_file_patch/120eea2e4547.patch,3,21,1,0,0,0,15,6,9,27,12,15,3,0,3,111,42,69,72,27,45,30,12,18,0,0,0,0,0,0,30,11,29
841,./sourcecode1022/2020/CVE-2020-35655/Aebi0829%pillow/8.1.x/120eea2e4547_patch/equal_file_patch/4bdc0da7.patch,3,54,1,3,3,0,24,9,15,42,18,24,6,0,6,339,162,177,219,105,114,57,24,33,30,12,18,3,3,3,44,24,42
842,./sourcecode1022/2020/CVE-2020-35655/Aebi0829%pillow/8.1.x/120eea2e4547_patch/equal_file_patch/f891baa6.patch,3,54,1,3,3,0,24,9,15,42,18,24,6,0,6,339,162,177,219,105,114,57,24,33,30,12,18,3,3,3,44,24,42
843,./sourcecode1022/2020/CVE-2020-35655/Aebi0829%pillow/8.1.x/120eea2e4547_patch/equal_file_patch/88bd672d.patch,3,54,1,3,3,0,24,9,15,42,18,24,6,0,6,339,162,177,219,105,114,57,24,33,30,12,18,3,3,3,44,24,42
844,./sourcecode1022/2020/CVE-2020-35655/Aebi0829%pillow/8.1.x/120eea2e4547_patch/equal_file_patch/f891baa60463.patch,3,54,1,3,3,0,24,9,15,42,18,24,6,0,6,339,162,177,219,105,114,57,24,33,30,12,18,3,3,3,44,24,42
845,./sourcecode1022/2020/CVE-2020-36310/torvalds%linux/master/039aeb9deb92_patch/equal_file_patch/9cccec2bf32f.patch,1,1,1,0,0,0,3,0,3,2,0,2,0,0,0,4,0,4,1,0,1,3,0,3,3,0,3,5,0,5,11,0,11
846,./sourcecode1022/2020/CVE-2020-36310/torvalds%linux/master/039aeb9deb92_patch/equal_file_patch/921d2597abfc.patch,1,1,1,0,0,0,1,0,1,1,0,1,0,0,0,0,0,0,0,0,0,1,0,1,1,0,1,2,0,2,2,0,2
847,./sourcecode1022/2020/CVE-2020-36310/torvalds%linux/master/039aeb9deb92_patch/equal_file_patch/cee407c5cc42.patch,1,1,1,0,0,0,3,0,3,2,0,2,0,0,0,4,0,4,1,0,1,3,0,3,3,0,3,5,0,5,11,0,11
848,./sourcecode1022/2020/CVE-2020-36310/torvalds%linux/master/039aeb9deb92_patch/equal_file_patch/636b5284d8fa.patch,1,1,1,0,0,0,3,0,3,2,0,2,0,0,0,4,0,4,1,0,1,3,0,3,3,0,3,5,0,5,11,0,11
849,./sourcecode1022/2020/CVE-2020-36310/torvalds%linux/master/039aeb9deb92_patch/equal_file_patch/405386b02157.patch,1,1,1,0,0,0,3,0,3,2,0,2,0,0,0,4,0,4,1,0,1,3,0,3,3,0,3,5,0,5,11,0,11
850,./sourcecode1022/2020/CVE-2020-36310/torvalds%linux/master/039aeb9deb92_patch/equal_file_patch/7b1b868e1d91.patch,1,1,1,0,0,0,3,0,3,2,0,2,0,0,0,4,0,4,1,0,1,3,0,3,3,0,3,5,0,5,11,0,11
851,./sourcecode1022/2020/CVE-2020-8648/SUSE%kernel/SLE15-SP4-RT/acbd961bad7a_patch/equal_file_patch/b7bc61d4a668.patch,6,78,3,58,32,26,102,50,52,32,12,20,10,6,4,260,90,170,118,30,88,50,24,26,34,2,32,40,18,31,80,42,62
852,./sourcecode1022/2020/CVE-2020-8648/SUSE%kernel/SLE15-SP4-RT/acbd961bad7a_patch/equal_file_patch/bb6fc8ab4408.patch,6,78,3,58,32,26,102,50,52,32,12,20,10,6,4,260,90,170,118,30,88,50,24,26,34,2,32,40,18,31,80,42,62
853,./sourcecode1022/2020/CVE-2020-8648/SUSE%kernel/SLE15-SP4-RT/acbd961bad7a_patch/equal_file_patch/024fe8cd0148.patch,4,30,2,0,0,0,4,0,4,18,6,12,0,0,0,18,0,18,0,0,0,0,0,0,20,0,20,7,0,7,9,1,9
854,./sourcecode1022/2020/CVE-2020-8648/SUSE%kernel/SLE15-SP4-RT/acbd961bad7a_patch/equal_file_patch/fd3bc3286685.patch,4,30,2,0,0,0,4,0,4,18,6,12,0,0,0,18,0,18,0,0,0,0,0,0,20,0,20,7,0,7,9,1,9
855,./sourcecode1022/2020/CVE-2020-8648/SUSE%kernel/SLE15-SP4-RT/acbd961bad7a_patch/equal_file_patch/905916b9120b.patch,6,78,3,58,32,26,102,50,52,32,12,20,10,6,4,260,90,170,118,30,88,50,24,26,34,2,32,40,18,31,80,42,62
856,./sourcecode1022/2020/CVE-2020-8648/SUSE%kernel/SLE15-SP4-RT/acbd961bad7a_patch/equal_file_patch/05620ab85280.patch,4,30,2,0,0,0,4,0,4,18,6,12,0,0,0,18,0,18,0,0,0,0,0,0,20,0,20,7,0,7,9,1,9
857,./sourcecode1022/2021/CVE-2021-21835/DavidYou%gpac/android_ndk23/b515fd04f5f00f4a99df741042f1efb31ad56351_patch/equal_file_patch/bebee4dd5.patch,1,17,15,19,1,18,42,11,31,8,1,7,0,0,0,131,36,95,120,35,85,17,0,17,0,0,0,2,0,2,62,18,62
858,./sourcecode1022/2021/CVE-2021-21835/DavidYou%gpac/android_ndk23/b515fd04f5f00f4a99df741042f1efb31ad56351_patch/equal_file_patch/5ce0c906e.patch,1,17,15,19,1,18,42,11,31,8,1,7,0,0,0,131,36,95,120,35,85,17,0,17,0,0,0,2,0,2,62,18,62
859,./sourcecode1022/2021/CVE-2021-21835/DavidYou%gpac/android_ndk23/b515fd04f5f00f4a99df741042f1efb31ad56351_patch/equal_file_patch/ad18ece95.patch,1,17,15,19,1,18,42,11,31,8,1,7,0,0,0,131,36,95,120,35,85,17,0,17,0,0,0,2,0,2,62,18,62
860,./sourcecode1022/2021/CVE-2021-22890/AHzhangwen%libcurl/tiny-curl-7_79/b09c8ee15771c614c4bf3ddac893cdb12187c844_patch/equal_file_patch/a42b8f08d.patch,7,44,10,2,1,1,53,30,23,11,7,4,0,0,0,88,56,32,27,19,8,40,18,22,14,7,7,16,13,13,81,67,58
861,./sourcecode1022/2021/CVE-2021-22890/AHzhangwen%libcurl/tiny-curl-7_79/b09c8ee15771c614c4bf3ddac893cdb12187c844_patch/equal_file_patch/622d91192.patch,8,173,13,16,11,5,298,183,115,45,31,14,10,5,5,423,204,219,135,73,62,200,97,103,48,21,27,60,43,42,412,346,271
862,./sourcecode1022/2021/CVE-2021-22890/AHzhangwen%libcurl/tiny-curl-7_79/b09c8ee15771c614c4bf3ddac893cdb12187c844_patch/equal_file_patch/ea17a022b.patch,10,61,13,14,11,3,148,117,31,31,24,7,4,3,1,173,116,57,82,63,19,92,62,30,20,12,8,33,27,19,214,197,63
863,./sourcecode1022/2021/CVE-2021-22890/AHzhangwen%libcurl/tiny-curl-7_79/b09c8ee15771c614c4bf3ddac893cdb12187c844_patch/equal_file_patch/39de26379.patch,8,173,13,16,11,5,298,184,114,45,31,14,10,5,5,423,204,219,135,73,62,200,97,103,48,21,27,60,43,42,412,346,271
864,./sourcecode1022/2021/CVE-2021-22890/AHzhangwen%libcurl/tiny-curl-7_79/b09c8ee15771c614c4bf3ddac893cdb12187c844_patch/equal_file_patch/beb1b1cb0.patch,8,171,13,16,11,5,290,184,106,45,31,14,10,5,5,415,204,211,127,73,54,198,97,101,44,21,23,60,43,42,410,346,269
865,./sourcecode1022/2021/CVE-2021-22890/AHzhangwen%libcurl/tiny-curl-7_79/b09c8ee15771c614c4bf3ddac893cdb12187c844_patch/equal_file_patch/40d2d39f8.patch,11,35,13,3,1,2,30,13,17,4,1,3,0,0,0,52,24,28,27,13,14,24,12,12,16,8,8,6,5,5,33,28,31
866,./sourcecode1022/2021/CVE-2021-22890/AHzhangwen%libcurl/tiny-curl-7_79/549310e907e_patch/equal_file_patch/675eeb1c9.patch,3,96,5,15,8,7,161,78,83,15,12,3,4,4,0,215,91,124,82,32,50,79,51,28,28,9,19,45,34,34,197,158,117
867,./sourcecode1022/2021/CVE-2021-22890/AHzhangwen%libcurl/tiny-curl-7_79/549310e907e_patch/equal_file_patch/4d8461ae8.patch,3,4,3,0,0,0,2,0,2,1,0,1,0,0,0,7,4,3,4,0,4,3,1,2,0,0,0,6,3,4,20,13,15
868,./sourcecode1022/2021/CVE-2021-22890/AHzhangwen%libcurl/tiny-curl-7_79/549310e907e_patch/equal_file_patch/41fcdf71a.patch,3,4,3,0,0,0,2,0,2,1,0,1,0,0,0,7,4,3,4,0,4,3,1,2,0,0,0,6,3,4,20,13,15
869,./sourcecode1022/2021/CVE-2021-22890/AHzhangwen%libcurl/tiny-curl-7_79/549310e907e_patch/equal_file_patch/3acf6fe53.patch,3,109,6,17,8,9,146,80,66,15,12,3,4,4,0,200,105,95,66,35,31,93,59,34,32,14,18,60,44,48,207,171,123
870,./sourcecode1022/2021/CVE-2021-22890/AHzhangwen%libcurl/tiny-curl-7_79/549310e907e_patch/equal_file_patch/05856dae9.patch,5,19,5,4,2,2,33,13,20,3,0,3,1,1,0,33,17,16,17,4,13,20,10,10,5,2,3,19,10,14,88,66,60
871,./sourcecode1022/2021/CVE-2021-22890/AHzhangwen%libcurl/tiny-curl-7_79/549310e907e_patch/equal_file_patch/c386a0df4.patch,5,159,8,18,9,9,178,100,78,20,14,6,6,5,1,384,197,187,180,90,90,115,71,44,133,64,69,105,84,86,254,217,160
872,./sourcecode1022/2021/CVE-2021-22890/curl%curl/tiny-curl-7_79/b09c8ee15771c614c4bf3ddac893cdb12187c844_patch/equal_file_patch/791937b88.patch,5,42,10,2,1,1,62,32,30,12,8,4,2,0,2,119,54,65,43,19,24,52,19,33,14,7,7,22,14,19,111,70,88
873,./sourcecode1022/2021/CVE-2021-22890/curl%curl/tiny-curl-7_79/b09c8ee15771c614c4bf3ddac893cdb12187c844_patch/equal_file_patch/84d283974.patch,7,42,10,2,1,1,53,31,22,12,8,4,0,0,0,88,56,32,27,19,8,38,18,20,14,7,7,16,13,13,79,68,54
874,./sourcecode1022/2021/CVE-2021-22890/curl%curl/tiny-curl-7_79/b09c8ee15771c614c4bf3ddac893cdb12187c844_patch/equal_file_patch/d293bf4a7.patch,8,86,13,16,11,5,201,145,56,42,30,12,4,3,1,266,143,123,110,69,41,133,72,61,32,17,15,47,33,33,280,235,126
875,./sourcecode1022/2021/CVE-2021-22890/curl%curl/tiny-curl-7_79/b09c8ee15771c614c4bf3ddac893cdb12187c844_patch/equal_file_patch/54bd65cab.patch,7,44,10,2,1,1,53,30,23,11,7,4,0,0,0,88,56,32,27,19,8,40,18,22,14,7,7,16,13,13,81,67,58
876,./sourcecode1022/2021/CVE-2021-22890/curl%curl/tiny-curl-7_79/b09c8ee15771c614c4bf3ddac893cdb12187c844_patch/equal_file_patch/719baefc7.patch,11,35,13,3,1,2,30,13,17,4,1,3,0,0,0,52,24,28,27,13,14,24,12,12,16,8,8,6,5,5,33,28,31
877,./sourcecode1022/2021/CVE-2021-22890/curl%curl/tiny-curl-7_79/b09c8ee15771c614c4bf3ddac893cdb12187c844_patch/equal_file_patch/a5ab72d5e.patch,8,89,13,16,11,5,201,145,56,42,30,12,6,3,3,285,143,142,115,69,46,142,72,70,32,17,15,48,33,34,293,235,144
878,./sourcecode1022/2021/CVE-2021-22890/curl%curl/tiny-curl-7_79/549310e907e_patch/equal_file_patch/0b337ecc9.patch,3,16,4,4,2,2,28,11,17,2,0,2,0,0,0,27,14,13,10,2,8,8,3,5,3,1,2,13,6,11,60,36,54
879,./sourcecode1022/2021/CVE-2021-22890/curl%curl/tiny-curl-7_79/549310e907e_patch/equal_file_patch/a7696c734.patch,5,136,7,18,9,9,175,96,79,16,12,4,6,5,1,368,178,190,186,89,97,96,59,37,121,57,64,88,70,71,231,196,143
880,./sourcecode1022/2021/CVE-2021-22890/curl%curl/tiny-curl-7_79/549310e907e_patch/equal_file_patch/1e3c52fba.patch,5,137,7,16,9,7,187,93,94,16,12,4,6,5,1,371,166,205,188,82,106,94,57,37,125,57,68,83,69,67,231,195,145
881,./sourcecode1022/2021/CVE-2021-22890/curl%curl/tiny-curl-7_79/549310e907e_patch/equal_file_patch/25f962193.patch,5,19,5,4,2,2,33,13,20,3,0,3,1,1,0,33,17,16,17,4,13,20,10,10,5,2,3,19,10,14,88,66,60
882,./sourcecode1022/2021/CVE-2021-22890/curl%curl/tiny-curl-7_79/549310e907e_patch/equal_file_patch/2efc3a424.patch,3,33,4,5,2,3,42,18,24,2,0,2,0,0,0,80,37,43,43,17,26,9,3,6,10,4,6,22,14,20,69,41,64
883,./sourcecode1022/2021/CVE-2021-22890/curl%curl/tiny-curl-7_79/549310e907e_patch/equal_file_patch/d293bf4a7.patch,5,164,8,22,10,12,225,123,102,27,18,9,6,5,1,410,196,214,185,88,97,146,76,70,117,56,61,112,81,92,293,225,193
884,./sourcecode1022/2021/CVE-2021-28690/3mdeb%xen/reenable-SMI/c4e44343579e_patch/equal_file_patch/ae49ee66cf.patch,1,4,1,0,0,0,3,1,2,0,0,0,0,0,0,4,1,3,1,0,1,1,0,1,0,0,0,6,5,4,11,5,8
885,./sourcecode1022/2021/CVE-2021-28690/3mdeb%xen/reenable-SMI/c4e44343579e_patch/equal_file_patch/035ab75d8e.patch,1,3,1,0,0,0,3,1,2,0,0,0,0,0,0,2,0,2,1,0,1,1,0,1,0,0,0,5,4,3,9,4,6
886,./sourcecode1022/2021/CVE-2021-28690/3mdeb%xen/reenable-SMI/c4e44343579e_patch/equal_file_patch/8ac5bb92f3.patch,1,4,1,0,0,0,3,1,2,0,0,0,0,0,0,12,5,7,5,2,3,1,0,1,8,4,4,6,5,4,15,8,11
887,./sourcecode1022/2021/CVE-2021-28690/3mdeb%xen/reenable-SMI/c4e44343579e_patch/equal_file_patch/80ad8db8a4.patch,1,4,1,0,0,0,3,1,2,0,0,0,0,0,0,4,1,3,1,0,1,1,0,1,0,0,0,6,5,4,11,5,8
888,./sourcecode1022/2021/CVE-2021-28690/3mdeb%xen/reenable-SMI/c4e44343579e_patch/equal_file_patch/a9949efb28.patch,1,4,1,0,0,0,3,1,2,0,0,0,0,0,0,12,5,7,5,2,3,1,0,1,8,4,4,6,5,4,15,8,11
889,./sourcecode1022/2021/CVE-2021-28690/3mdeb%xen/reenable-SMI/c4e44343579e_patch/equal_file_patch/8ec706d902.patch,1,4,1,0,0,0,3,1,2,0,0,0,0,0,0,4,1,3,1,0,1,1,0,1,0,0,0,6,5,4,11,5,8
890,./sourcecode1022/2021/CVE-2021-3393/Thtmo222%postgresql/master/6214e2b2280462cbc3aa1986e350e167651b3905_patch/equal_file_patch/ad43a413c4.patch,8,167,25,31,5,26,126,35,91,12,1,11,7,2,5,762,255,507,424,145,279,175,57,118,33,14,19,94,50,78,330,179,281
891,./sourcecode1022/2021/CVE-2021-3393/Thtmo222%postgresql/master/6214e2b2280462cbc3aa1986e350e167651b3905_patch/equal_file_patch/29f45e299e.patch,3,66,12,18,2,16,43,13,30,4,0,4,2,1,1,342,128,214,204,77,127,94,29,65,18,9,9,51,26,42,154,103,118
892,./sourcecode1022/2021/CVE-2021-3393/Thtmo222%postgresql/master/6214e2b2280462cbc3aa1986e350e167651b3905_patch/equal_file_patch/f7c09706c1.patch,7,113,24,19,2,17,92,33,59,4,0,4,4,2,2,453,161,292,267,99,168,121,42,79,18,9,9,60,32,50,194,117,150
893,./sourcecode1022/2021/CVE-2021-3393/Thtmo222%postgresql/master/6214e2b2280462cbc3aa1986e350e167651b3905_patch/equal_file_patch/4efcf47053.patch,7,132,24,19,2,17,93,33,60,4,0,4,4,2,2,574,221,353,342,137,205,157,58,99,22,11,11,69,41,56,226,149,178
894,./sourcecode1022/2021/CVE-2021-3393/Thtmo222%postgresql/master/6214e2b2280462cbc3aa1986e350e167651b3905_patch/equal_file_patch/22bd3cbe0c.patch,7,134,24,19,2,17,93,33,60,4,0,4,4,2,2,572,219,353,335,133,202,150,54,96,22,11,11,71,42,57,230,152,182
895,./sourcecode1022/2021/CVE-2021-3393/Thtmo222%postgresql/master/6214e2b2280462cbc3aa1986e350e167651b3905_patch/equal_file_patch/a667b06683.patch,7,134,24,19,2,17,93,33,60,4,0,4,4,2,2,572,219,353,335,133,202,150,54,96,22,11,11,71,42,57,230,152,182
896,./sourcecode1022/2021/CVE-2021-3403/Yeraze%ytnef/master/ecc9d875d1b2_patch/equal_file_patch/d7745f7.patch,1,2,1,0,0,0,0,0,0,0,0,0,0,0,0,0,0,0,0,0,0,0,0,0,0,0,0,1,0,1,0,0,0
897,./sourcecode1022/2021/CVE-2021-3403/Yeraze%ytnef/master/ecc9d875d1b2_patch/equal_file_patch/564c7f158298.patch,1,2,1,0,0,0,0,0,0,0,0,0,0,0,0,0,0,0,0,0,0,0,0,0,0,0,0,1,0,1,0,0,0
898,./sourcecode1022/2021/CVE-2021-3403/Yeraze%ytnef/master/ecc9d875d1b2_patch/equal_file_patch/ecc9d875d1b2.patch,1,2,1,0,0,0,0,0,0,0,0,0,0,0,0,0,0,0,0,0,0,0,0,0,0,0,0,1,0,1,0,0,0
899,./sourcecode1022/2021/CVE-2021-3421/rpm-software-management%rpm/master/d6a86b5e69e46cc283b1e06c92343319beb42e21_patch/equal_file_patch/dce44771b.patch,2,1,1,0,0,0,1,0,1,1,0,1,0,0,0,0,0,0,0,0,0,0,0,0,1,0,1,1,1,1,4,2,4
900,./sourcecode1022/2021/CVE-2021-3421/rpm-software-management%rpm/master/d6a86b5e69e46cc283b1e06c92343319beb42e21_patch/equal_file_patch/ad8b9bd2c.patch,2,1,1,0,0,0,1,0,1,1,0,1,0,0,0,0,0,0,0,0,0,0,0,0,1,0,1,1,1,1,4,2,4
901,./sourcecode1022/2021/CVE-2021-3421/rpm-software-management%rpm/master/d6a86b5e69e46cc283b1e06c92343319beb42e21_patch/equal_file_patch/951f25bc8.patch,2,1,1,0,0,0,1,0,1,1,0,1,0,0,0,0,0,0,0,0,0,0,0,0,1,0,1,1,1,1,4,2,4
902,./sourcecode1022/2021/CVE-2021-3421/rpm-software-management%rpm/master/d6a86b5e69e46cc283b1e06c92343319beb42e21_patch/equal_file_patch/ad7b47e43.patch,2,1,1,0,0,0,1,0,1,1,0,1,0,0,0,0,0,0,0,0,0,0,0,0,1,0,1,1,1,1,4,2,4
903,./sourcecode1022/2021/CVE-2021-3421/rpm-software-management%rpm/master/d6a86b5e69e46cc283b1e06c92343319beb42e21_patch/equal_file_patch/43e89bf74.patch,2,1,1,0,0,0,1,0,1,1,0,1,0,0,0,0,0,0,0,0,0,0,0,0,1,0,1,1,1,1,4,2,4
904,./sourcecode1022/2021/CVE-2021-3421/rpm-software-management%rpm/master/d6a86b5e69e46cc283b1e06c92343319beb42e21_patch/equal_file_patch/79e8c46b1.patch,2,1,1,0,0,0,1,0,1,1,0,1,0,0,0,0,0,0,0,0,0,0,0,0,1,0,1,1,1,1,4,2,4
905,./sourcecode1022/2021/CVE-2021-3655/egnchen%kernel/main/7903d6f9cce1_patch/equal_file_patch/0c761b1c0af2.patch,2,2,1,4,0,4,6,2,4,8,4,4,0,0,0,10,2,8,8,2,6,6,2,4,0,0,0,2,0,2,13,3,13
906,./sourcecode1022/2021/CVE-2021-3655/egnchen%kernel/main/7903d6f9cce1_patch/equal_file_patch/18f85aef8497.patch,2,2,1,4,0,4,6,2,4,8,4,4,0,0,0,10,2,8,8,2,6,6,2,4,0,0,0,2,0,2,13,3,13
907,./sourcecode1022/2021/CVE-2021-3655/egnchen%kernel/main/7903d6f9cce1_patch/equal_file_patch/30078dc742e5.patch,2,2,1,4,0,4,6,2,4,8,4,4,0,0,0,10,2,8,8,2,6,6,2,4,0,0,0,2,0,2,13,3,13
908,./sourcecode1022/2021/CVE-2021-3655/egnchen%kernel/main/7903d6f9cce1_patch/equal_file_patch/8a2c07b5b84f.patch,2,2,1,4,0,4,6,2,4,8,4,4,0,0,0,10,2,8,8,2,6,6,2,4,0,0,0,2,0,2,13,3,13
909,./sourcecode1022/2021/CVE-2021-3655/egnchen%kernel/main/7903d6f9cce1_patch/equal_file_patch/124a95700820.patch,2,2,1,4,0,4,6,2,4,8,4,4,0,0,0,10,2,8,8,2,6,6,2,4,0,0,0,2,0,2,13,3,13
910,./sourcecode1022/2021/CVE-2021-3655/egnchen%kernel/main/7903d6f9cce1_patch/equal_file_patch/7530044d7b9f.patch,2,2,1,4,0,4,6,2,4,8,4,4,0,0,0,10,2,8,8,2,6,6,2,4,0,0,0,2,0,2,13,3,13
911,./sourcecode1022/2021/CVE-2021-3655/egnchen%kernel/main/f567a50168e7_patch/equal_file_patch/0ea991ec8768.patch,6,6,2,12,0,12,10,2,8,12,4,8,0,0,0,22,2,20,16,2,14,6,2,4,0,0,0,2,0,2,16,3,16
912,./sourcecode1022/2021/CVE-2021-3655/egnchen%kernel/main/f567a50168e7_patch/equal_file_patch/4c681812443b.patch,6,6,2,12,0,12,10,2,8,12,4,8,0,0,0,22,2,20,16,2,14,6,2,4,0,0,0,2,0,2,16,3,16
913,./sourcecode1022/2021/CVE-2021-3655/egnchen%kernel/main/f567a50168e7_patch/equal_file_patch/f8e7f4473871.patch,6,6,2,12,0,12,10,2,8,12,4,8,0,0,0,22,2,20,16,2,14,6,2,4,0,0,0,2,0,2,16,3,16
914,./sourcecode1022/2021/CVE-2021-3655/egnchen%kernel/main/f567a50168e7_patch/equal_file_patch/84a39671a418.patch,6,6,2,12,0,12,10,2,8,12,4,8,0,0,0,22,2,20,16,2,14,6,2,4,0,0,0,2,0,2,16,3,16
915,./sourcecode1022/2021/CVE-2021-3655/egnchen%kernel/main/f567a50168e7_patch/equal_file_patch/a359157a63e8.patch,6,6,2,12,0,12,10,2,8,12,4,8,0,0,0,22,2,20,16,2,14,6,2,4,0,0,0,2,0,2,16,3,16
916,./sourcecode1022/2021/CVE-2021-3655/egnchen%kernel/main/f567a50168e7_patch/equal_file_patch/ed1ab377e8ea.patch,6,6,2,12,0,12,10,2,8,12,4,8,0,0,0,22,2,20,16,2,14,6,2,4,0,0,0,2,0,2,16,3,16
917,./sourcecode1022/2021/CVE-2021-3655/openharmony%kernel_linux_4.19/OpenHarmony-3.0-LTS/8da6a014f495_patch/equal_file_patch/8da6a014f495.patch,2,2,1,4,0,4,2,0,2,2,0,2,0,0,0,6,0,6,4,0,4,0,0,0,0,0,0,1,0,1,5,0,5
918,./sourcecode1022/2021/CVE-2021-40563/gpac%gpac/android_ndk23/5ce0c906ed8599d218036b18b78e8126a496f137_patch/equal_file_patch/bebee4dd5.patch,1,1,1,0,0,0,1,0,1,1,0,1,0,0,0,2,1,1,0,0,0,1,0,1,0,0,0,1,1,1,6,6,6
919,./sourcecode1022/2021/CVE-2021-40563/gpac%gpac/android_ndk23/5ce0c906ed8599d218036b18b78e8126a496f137_patch/equal_file_patch/ad18ece95.patch,1,1,1,0,0,0,1,0,1,1,0,1,0,0,0,2,1,1,0,0,0,1,0,1,0,0,0,1,1,1,6,6,6
920,./sourcecode1022/2021/CVE-2021-40563/gpac%gpac/android_ndk23/592ba2689a3f2fc787371eda490fde4f84e60315_patch/equal_file_patch/bebee4dd5.patch,2,2,2,1,0,1,4,1,3,1,0,1,0,0,0,10,4,6,8,3,5,2,0,2,0,0,0,1,1,1,11,9,11
921,./sourcecode1022/2021/CVE-2021-40563/gpac%gpac/android_ndk23/592ba2689a3f2fc787371eda490fde4f84e60315_patch/equal_file_patch/ad18ece95.patch,2,2,2,1,0,1,4,1,3,1,0,1,0,0,0,10,4,6,8,3,5,2,0,2,0,0,0,1,1,1,11,9,11
922,./sourcecode1022/2021/CVE-2021-40563/gpac%gpac/android_ndk23/592ba2689a3f2fc787371eda490fde4f84e60315_patch/equal_file_patch/5ce0c906e.patch,2,2,2,1,0,1,4,1,3,1,0,1,0,0,0,10,4,6,8,3,5,2,0,2,0,0,0,1,1,1,11,9,11
923,./sourcecode1022/2021/CVE-2021-41157/signalwire%freeswitch/blacklist/6cb4c2720a4d_patch/equal_file_patch/3c783ee8fd.patch,1,1,1,2,0,2,6,0,6,0,0,0,0,0,0,9,0,9,2,0,2,0,0,0,0,0,0,8,0,8,17,0,17
924,./sourcecode1022/2021/CVE-2021-41157/signalwire%freeswitch/blacklist/6cb4c2720a4d_patch/equal_file_patch/fd15819c67.patch,1,1,1,2,0,2,6,0,6,0,0,0,0,0,0,9,0,9,2,0,2,0,0,0,0,0,0,8,0,8,17,0,17
925,./sourcecode1022/2021/CVE-2021-41157/signalwire%freeswitch/blacklist/6cb4c2720a4d_patch/equal_file_patch/cfdd1d9be8.patch,1,1,1,2,0,2,6,0,6,0,0,0,0,0,0,9,0,9,2,0,2,0,0,0,0,0,0,8,0,8,17,0,17
926,./sourcecode1022/2021/CVE-2021-41157/signalwire%freeswitch/blacklist/6cb4c2720a4d_patch/equal_file_patch/b7316ba557.patch,1,1,1,2,0,2,6,0,6,0,0,0,0,0,0,9,0,9,2,0,2,0,0,0,0,0,0,8,0,8,17,0,17
927,./sourcecode1022/2021/CVE-2021-41157/signalwire%freeswitch/blacklist/6cb4c2720a4d_patch/equal_file_patch/be5757d93b.patch,1,1,1,2,0,2,6,0,6,0,0,0,0,0,0,9,0,9,2,0,2,0,0,0,0,0,0,8,0,8,17,0,17
928,./sourcecode1022/2021/CVE-2021-41157/signalwire%freeswitch/blacklist/6cb4c2720a4d_patch/equal_file_patch/3c5773719e.patch,1,1,1,2,0,2,6,0,6,0,0,0,0,0,0,9,0,9,2,0,2,0,0,0,0,0,0,8,0,8,17,0,17
929,./sourcecode1022/2021/CVE-2021-41157/signalwire%freeswitch/blacklist/b21eef385909_patch/equal_file_patch/3c5773719e.patch,1,1,1,2,1,1,3,2,1,0,0,0,0,0,0,4,2,2,0,0,0,0,0,0,0,0,0,1,1,1,4,4,3
930,./sourcecode1022/2021/CVE-2021-41157/signalwire%freeswitch/blacklist/b21eef385909_patch/equal_file_patch/40fb80b019.patch,1,1,1,2,1,1,3,2,1,0,0,0,0,0,0,4,2,2,0,0,0,0,0,0,0,0,0,1,1,1,4,4,3
931,./sourcecode1022/2021/CVE-2021-41157/signalwire%freeswitch/blacklist/b21eef385909_patch/equal_file_patch/034a7eea5e.patch,1,1,1,2,1,1,3,2,1,0,0,0,0,0,0,4,2,2,0,0,0,0,0,0,0,0,0,1,1,1,4,4,3
932,./sourcecode1022/2021/CVE-2021-41157/signalwire%freeswitch/blacklist/b21eef385909_patch/equal_file_patch/513b0fbf00.patch,1,1,1,2,1,1,3,2,1,0,0,0,0,0,0,4,2,2,0,0,0,0,0,0,0,0,0,1,1,1,4,4,3
933,./sourcecode1022/2021/CVE-2021-41157/signalwire%freeswitch/blacklist/b21eef385909_patch/equal_file_patch/3509ae537e.patch,1,1,1,2,1,1,3,2,1,0,0,0,0,0,0,4,2,2,0,0,0,0,0,0,0,0,0,1,1,1,4,4,3
934,./sourcecode1022/2021/CVE-2021-41157/signalwire%freeswitch/blacklist/b21eef385909_patch/equal_file_patch/b7316ba557.patch,1,1,1,2,1,1,3,2,1,0,0,0,0,0,0,4,2,2,0,0,0,0,0,0,0,0,0,1,1,1,4,4,3
935,./sourcecode1022/2021/CVE-2021-4193/vim%vim/master/94f3192b03ed_patch/equal_file_patch/c73499351.patch,1,1,1,0,0,0,3,1,2,2,1,1,2,1,1,14,7,7,6,2,4,2,1,1,0,0,0,1,1,0,31,19,19
936,./sourcecode1022/2021/CVE-2021-4193/vim%vim/master/94f3192b03ed_patch/equal_file_patch/d881d1598.patch,1,2,1,0,0,0,5,2,3,2,1,1,2,1,1,14,7,7,6,2,4,4,2,2,2,1,1,1,1,0,34,21,21
937,./sourcecode1022/2021/CVE-2021-4193/vim%vim/master/94f3192b03ed_patch/equal_file_patch/d54af2e55.patch,1,15,1,0,0,0,25,5,20,2,1,1,2,1,1,48,16,32,17,6,11,14,4,10,8,2,6,5,3,4,81,37,69
938,./sourcecode1022/2021/CVE-2021-4193/vim%vim/master/94f3192b03ed_patch/equal_file_patch/37cf413e3.patch,1,1,1,0,0,0,3,1,2,2,1,1,2,1,1,14,7,7,6,2,4,2,1,1,0,0,0,1,1,0,31,19,19
939,./sourcecode1022/2021/CVE-2021-4193/vim%vim/master/94f3192b03ed_patch/equal_file_patch/e615db060.patch,1,1,1,0,0,0,3,1,2,2,1,1,2,1,1,14,7,7,6,2,4,2,1,1,0,0,0,1,1,0,31,19,19
940,./sourcecode1022/2021/CVE-2021-4193/vim%vim/master/94f3192b03ed_patch/equal_file_patch/d5cec1f1f.patch,1,1,1,0,0,0,3,1,2,2,1,1,2,1,1,14,7,7,6,2,4,2,1,1,0,0,0,1,1,0,31,19,19
